depths	GICC05_kaBP	d18ONGRIP2
NA	0.07	-34.91
NA	0.09	-35.01
NA	0.11	-34.88
NA	0.13	-34.59
NA	0.15	-34.91
NA	0.17	-35.155
NA	0.19	-35.02
NA	0.21	-35.4
NA	0.23	-35.47
NA	0.25	-35.385
NA	0.27	-35.365
NA	0.29	-35.455
NA	0.31	-35.805
NA	0.33	-35.59
NA	0.35	-35.705
NA	0.37	-35.72
NA	0.39	-35.765
NA	0.41	-35.735
NA	0.43	-35.34
NA	0.45	-35.535
NA	0.47	-35.375
NA	0.49	-35.32
NA	0.51	-35.72
NA	0.53	-35.38
NA	0.55	-35
NA	0.57	-35.47
NA	0.59	-35.5
NA	0.61	-35.055
NA	0.63	-35.01
NA	0.65	-35.29
NA	0.67	-35.2
NA	0.69	-35.055
NA	0.71	-35.84
NA	0.73	-35.75
NA	0.75	-35.135
NA	0.77	-35.345
NA	0.79	-35.575
NA	0.81	-35.53
NA	0.83	-35.275
NA	0.85	-35.475
NA	0.87	-35.57
NA	0.89	-35.48
NA	0.91	-35.49
NA	0.93	-35.475
NA	0.95	-35.365
NA	0.97	-35.295
NA	0.99	-35.53
NA	1.01	-35.765
NA	1.03	-35.44
NA	1.05	-35.1
NA	1.07	-35.13
NA	1.09	-35.01
NA	1.11	-34.99
NA	1.13	-35.195
NA	1.15	-35.57
NA	1.17	-35.54
NA	1.19	-35.55
NA	1.21	-35.6
NA	1.23	-35.395
NA	1.25	-35.36
NA	1.27	-35.325
NA	1.29	-35.21
NA	1.31	-35.24
NA	1.33	-35.33
NA	1.35	-35.3
NA	1.37	-35.205
NA	1.39	-34.915
NA	1.41	-35.065
NA	1.43	-35.35
NA	1.45	-35.2
NA	1.47	-35.21
NA	1.49	-34.855
NA	1.51	-35.105
NA	1.53	-35.555
NA	1.55	-35.58
NA	1.57	-35.605
NA	1.59	-35.37
NA	1.61	-35.55
NA	1.63	-35.1
NA	1.65	-34.55
NA	1.67	-34.955
NA	1.69	-35.565
NA	1.71	-35.675
NA	1.73	-35.38
NA	1.75	-35.535
NA	1.77	-35.365
NA	1.79	-35.24
NA	1.81	-35.725
NA	1.83	-35.67
NA	1.85	-35.455
NA	1.87	-35.42
NA	1.89	-35.205
NA	1.91	-35.215
NA	1.93	-34.94
NA	1.95	-34.78
NA	1.97	-34.75
NA	1.99	-34.57
NA	2.01	-34.905
NA	2.03	-35.21
NA	2.05	-35.215
NA	2.07	-34.95
NA	2.09	-35.07
NA	2.11	-35.15
NA	2.13	-34.92
NA	2.15	-34.98
NA	2.17	-35.265
NA	2.19	-35.32
NA	2.21	-35.625
NA	2.23	-35.915
NA	2.25	-35.48
NA	2.27	-35.23
NA	2.29	-35.05
NA	2.31	-34.705
NA	2.33	-34.69
NA	2.35	-34.96
NA	2.37	-35.025
NA	2.39	-35.015
NA	2.41	-35.175
NA	2.43	-35.17
NA	2.45	-34.88
NA	2.47	-34.77
NA	2.49	-35.09
NA	2.51	-35.6
NA	2.53	-35.68
NA	2.55	-35.595
NA	2.57	-35.27
NA	2.59	-35.035
NA	2.61	-35.04
NA	2.63	-35.135
NA	2.65	-35.245
NA	2.67	-35.235
NA	2.69	-35.275
NA	2.71	-35.14
NA	2.73	-35.285
NA	2.75	-35.375
NA	2.77	-35.22
NA	2.79	-35.11
NA	2.81	-34.965
NA	2.83	-34.87
NA	2.85	-34.95
NA	2.87	-34.955
NA	2.89	-34.775
NA	2.91	-35.06
NA	2.93	-35.345
NA	2.95	-35.09
NA	2.97	-34.895
NA	2.99	-34.595
NA	3.01	-34.595
NA	3.03	-34.83
NA	3.05	-34.82
NA	3.07	-35.12
NA	3.09	-35.295
NA	3.11	-35.04
NA	3.13	-35.04
NA	3.15	-35.055
NA	3.17	-34.92
NA	3.19	-34.955
NA	3.21	-35.15
NA	3.23	-34.9
NA	3.25	-34.895
NA	3.27	-35.265
NA	3.29	-35.02
NA	3.31	-35.15
NA	3.33	-35.395
NA	3.35	-35.245
NA	3.37	-35.065
NA	3.39	-34.59
NA	3.41	-34.635
NA	3.43	-35.2
NA	3.45	-35.04
NA	3.47	-34.73
NA	3.49	-34.735
NA	3.51	-34.93
NA	3.53	-35.235
NA	3.55	-35.015
NA	3.57	-34.925
NA	3.59	-35.26
NA	3.61	-35.095
NA	3.63	-34.7
NA	3.65	-34.86
NA	3.67	-35.135
NA	3.69	-35.055
NA	3.71	-34.605
NA	3.73	-34.495
NA	3.75	-34.695
NA	3.77	-34.545
NA	3.79	-34.53
NA	3.81	-35.005
NA	3.83	-35.315
NA	3.85	-35.025
NA	3.87	-34.895
NA	3.89	-35.09
NA	3.91	-35.265
NA	3.93	-35.13
NA	3.95	-35.12
NA	3.97	-35.25
NA	3.99	-35.005
NA	4.01	-34.985
NA	4.03	-35.04
NA	4.05	-35.05
NA	4.07	-34.775
NA	4.09	-34.805
NA	4.11	-34.97
NA	4.13	-35.135
NA	4.15	-35.335
NA	4.17	-35.005
NA	4.19	-35.035
NA	4.21	-34.96
NA	4.23	-34.74
NA	4.25	-34.63
NA	4.27	-34.64
NA	4.29	-34.895
NA	4.31	-35.135
NA	4.33	-35.09
NA	4.35	-34.775
NA	4.37	-34.71
NA	4.39	-34.77
NA	4.41	-34.875
NA	4.43	-35.235
NA	4.45	-35.335
NA	4.47	-34.98
NA	4.49	-34.41
NA	4.51	-34.43
NA	4.53	-34.975
NA	4.55	-34.99
NA	4.57	-35.05
NA	4.59	-35.05
NA	4.61	-34.52
NA	4.63	-34.39
NA	4.65	-34.54
NA	4.67	-34.78
NA	4.69	-34.87
NA	4.71	-34.95
NA	4.73	-35.115
NA	4.75	-34.865
NA	4.77	-34.75
NA	4.79	-34.94
NA	4.81	-34.815
NA	4.83	-34.68
NA	4.85	-34.74
NA	4.87	-34.795
NA	4.89	-34.675
NA	4.91	-34.655
NA	4.93	-34.84
NA	4.95	-34.72
NA	4.97	-34.6
NA	4.99	-34.56
NA	5.01	-34.325
NA	5.03	-34.5
NA	5.05	-34.855
NA	5.07	-34.66
NA	5.09	-34.665
NA	5.11	-34.715
NA	5.13	-34.735
NA	5.15	-34.74
NA	5.17	-34.875
NA	5.19	-34.92
NA	5.21	-34.89
NA	5.23	-34.45
NA	5.25	-34.24
NA	5.27	-34.765
NA	5.29	-34.82
NA	5.31	-34.65
NA	5.33	-34.915
NA	5.35	-35.15
NA	5.37	-34.9
NA	5.39	-35.08
NA	5.41	-35.175
NA	5.43	-34.87
NA	5.45	-34.94
NA	5.47	-34.725
NA	5.49	-34.58
NA	5.51	-34.86
NA	5.53	-34.69
NA	5.55	-34.5
NA	5.57	-34.615
NA	5.59	-34.53
NA	5.61	-34.29
NA	5.63	-34.64
NA	5.65	-34.92
NA	5.67	-34.985
NA	5.69	-34.535
NA	5.71	-34.54
NA	5.73	-35.19
NA	5.75	-34.845
NA	5.77	-34.88
NA	5.79	-34.97
NA	5.81	-34.7
NA	5.83	-34.63
NA	5.85	-34.525
NA	5.87	-34.605
NA	5.89	-34.865
NA	5.91	-34.865
NA	5.93	-34.33
NA	5.95	-34.075
NA	5.97	-34.405
NA	5.99	-34.76
NA	6.01	-34.82
NA	6.03	-34.79
NA	6.05	-34.94
NA	6.07	-34.9
NA	6.09	-34.775
NA	6.11	-35.135
NA	6.13	-34.88
NA	6.15	-34.72
NA	6.17	-34.94
NA	6.19	-34.55
NA	6.21	-34.405
NA	6.23	-34.655
NA	6.25	-34.89
NA	6.27	-34.735
NA	6.29	-34.59
NA	6.31	-34.865
NA	6.33	-34.755
NA	6.35	-34.79
NA	6.37	-34.875
NA	6.39	-34.575
NA	6.41	-34.73
NA	6.43	-34.925
NA	6.45	-34.61
NA	6.47	-34.425
NA	6.49	-34.345
NA	6.51	-34.52
NA	6.53	-34.645
NA	6.55	-34.41
NA	6.57	-34.515
NA	6.59	-34.77
NA	6.61	-34.99
NA	6.63	-34.975
NA	6.65	-34.715
NA	6.67	-34.41
NA	6.69	-34.49
NA	6.71	-34.59
NA	6.73	-34.655
NA	6.75	-34.555
NA	6.77	-34.43
NA	6.79	-34.505
NA	6.81	-34.55
NA	6.83	-34.85
NA	6.85	-34.905
NA	6.87	-34.505
NA	6.89	-34.34
NA	6.91	-34.54
NA	6.93	-34.64
NA	6.95	-34.765
NA	6.97	-34.645
NA	6.99	-34.29
NA	7.01	-34.685
NA	7.03	-34.92
NA	7.05	-34.6
NA	7.07	-34.645
NA	7.09	-34.86
NA	7.11	-34.835
NA	7.13	-34.585
NA	7.15	-34.675
NA	7.17	-34.96
NA	7.19	-34.665
NA	7.21	-34.82
NA	7.23	-35.01
NA	7.25	-34.71
NA	7.27	-34.805
NA	7.29	-34.9
NA	7.31	-34.495
NA	7.33	-34.48
NA	7.35	-34.915
NA	7.37	-34.86
NA	7.39	-34.685
NA	7.41	-34.69
NA	7.43	-34.525
NA	7.45	-34.43
NA	7.47	-34.585
NA	7.49	-34.56
NA	7.51	-34.47
NA	7.53	-34.16
NA	7.55	-34.325
NA	7.57	-34.775
NA	7.59	-34.91
NA	7.61	-34.69
NA	7.63	-34.43
NA	7.65	-34.3
NA	7.67	-34.045
NA	7.69	-34.445
NA	7.71	-34.39
NA	7.73	-33.955
NA	7.75	-34.33
NA	7.77	-34.455
NA	7.79	-34.175
NA	7.81	-34.42
NA	7.83	-34.55
NA	7.85	-34.24
NA	7.87	-33.945
NA	7.89	-34.055
NA	7.91	-34.375
NA	7.93	-34.51
NA	7.95	-34.8
NA	7.97	-34.745
NA	7.99	-34.645
NA	8.01	-34.805
NA	8.03	-34.215
NA	8.05	-33.82
NA	8.07	-34.22
NA	8.09	-34.415
NA	8.11	-34.74
NA	8.13	-34.78
NA	8.15	-34.505
NA	8.17	-34.23
NA	8.19	-34.7
NA	8.21	-35.56
NA	8.23	-35.61
NA	8.25	-35.8
NA	8.27	-35.97
NA	8.29	-35.955
NA	8.31	-35.62
NA	8.33	-35.445
NA	8.35	-35.09
NA	8.37	-34.6
NA	8.39	-34.785
NA	8.41	-34.91
NA	8.43	-34.68
NA	8.45	-34.885
NA	8.47	-35.075
NA	8.49	-34.625
NA	8.51	-34.765
NA	8.53	-34.885
NA	8.55	-34.565
NA	8.57	-34.63
NA	8.59	-34.91
NA	8.61	-34.79
NA	8.63	-34.47
NA	8.65	-34.59
NA	8.67	-34.505
NA	8.69	-34.6
NA	8.71	-35.24
NA	8.73	-35.335
NA	8.75	-34.61
NA	8.77	-34.465
NA	8.79	-34.705
NA	8.81	-34.915
NA	8.83	-34.775
NA	8.85	-34.89
NA	8.87	-35.395
NA	8.89	-34.65
NA	8.91	-34.615
NA	8.93	-34.86
NA	8.95	-34.37
NA	8.97	-34.235
NA	8.99	-34.505
NA	9.01	-34.64
NA	9.03	-34.52
NA	9.05	-34.575
NA	9.07	-35.125
NA	9.09	-35.375
NA	9.11	-35.05
NA	9.13	-34.825
NA	9.15	-34.67
NA	9.17	-34.795
NA	9.19	-34.725
NA	9.21	-34.405
NA	9.23	-34.52
NA	9.25	-34.765
NA	9.27	-34.875
NA	9.29	-35.27
NA	9.31	-35.64
NA	9.33	-35.855
NA	9.35	-35.62
NA	9.37	-35.115
NA	9.39	-34.975
NA	9.41	-34.735
NA	9.43	-34.715
NA	9.45	-34.835
NA	9.47	-34.815
NA	9.49	-34.975
NA	9.51	-35.12
NA	9.53	-35.02
NA	9.55	-34.79
NA	9.57	-34.835
NA	9.59	-34.24
NA	9.61	-34.63
NA	9.63	-35.02
NA	9.65	-34.785
NA	9.67	-34.815
NA	9.69	-35.23
NA	9.71	-34.94
NA	9.73	-34.275
NA	9.75	-34.335
NA	9.77	-34.685
NA	9.79	-34.58
NA	9.81	-34.475
NA	9.83	-34.49
NA	9.85	-34.605
NA	9.87	-35.07
NA	9.89	-35.295
NA	9.91	-34.88
NA	9.93	-34.8
NA	9.95	-35.16
NA	9.97	-35.055
NA	9.99	-35.155
NA	10.01	-35.055
NA	10.03	-34.875
NA	10.05	-35.02
NA	10.07	-35.025
NA	10.09	-35.45
NA	10.11	-35.5
NA	10.13	-35.265
NA	10.15	-35.305
NA	10.17	-35.37
NA	10.19	-35.22
NA	10.21	-35.005
NA	10.23	-34.955
NA	10.25	-35.41
NA	10.27	-35.735
NA	10.29	-35.935
NA	10.31	-36.36
NA	10.33	-36.2
NA	10.35	-36.01
NA	10.37	-35.605
NA	10.39	-35.66
NA	10.41	-36.155
NA	10.43	-36.275
NA	10.45	-36.16
NA	10.47	-36.04
NA	10.49	-36.08
NA	10.51	-35.785
NA	10.53	-35.935
NA	10.55	-35.905
NA	10.57	-35.6
NA	10.59	-35.795
NA	10.61	-35.93
NA	10.63	-35.94
NA	10.65	-35.995
NA	10.67	-36.12
NA	10.69	-36.145
NA	10.71	-35.825
NA	10.73	-35.63
NA	10.75	-35.91
NA	10.77	-36.25
NA	10.79	-36.165
NA	10.81	-36.045
NA	10.83	-36.525
NA	10.85	-36.335
NA	10.87	-36.21
NA	10.89	-36.34
NA	10.91	-36.66
NA	10.93	-37.415
NA	10.95	-37.425
NA	10.97	-37.2
NA	10.99	-37.07
NA	11.01	-37.505
NA	11.03	-37.275
NA	11.05	-36.79
NA	11.07	-36.745
NA	11.09	-36.545
NA	11.11	-36.77
NA	11.13	-36.995
NA	11.15	-36.905
NA	11.17	-36.57
NA	11.19	-36.785
NA	11.21	-36.88
NA	11.23	-36.93
NA	11.25	-37.315
NA	11.27	-37.495
NA	11.29	-37.09
NA	11.31	-36.365
NA	11.33	-36.37
NA	11.35	-37.065
NA	11.37	-37.105
NA	11.39	-36.79
NA	11.41	-37.18
NA	11.43	-37.54
NA	11.45	-37.375
NA	11.47	-37.795
NA	11.49	-38.36
NA	11.51	-38.485
NA	11.53	-38.07
NA	11.55	-37.63
NA	11.57	-37.37
NA	11.59	-36.745
NA	11.61	-36.735
NA	11.63	-36.83
NA	11.65	-36.595
NA	11.67	-36.49
NA	11.69	-36.63
NA	11.71	-37.595
NA	11.73	-38.765
NA	11.75	-39.315
NA	11.77	-39.655
NA	11.79	-40.285
NA	11.81	-40.705
NA	11.83	-40.205
NA	11.85	-40.16
NA	11.87	-40.71
NA	11.89	-40.065
NA	11.91	-39.05
NA	11.93	-40.225
NA	11.95	-40.625
NA	11.97	-40.83
NA	11.99	-41.13
NA	12.01	-40.935
NA	12.03	-41.035
NA	12.05	-40.065
NA	12.07	-39.895
NA	12.09	-39.75
NA	12.11	-40.04
NA	12.13	-40.75
NA	12.15	-41.31
NA	12.17	-41.245
NA	12.19	-41.175
NA	12.21	-41.92
NA	12.23	-40.5
NA	12.25	-40.155
NA	12.27	-41.16
NA	12.29	-40.385
NA	12.31	-40.305
NA	12.33	-40.87
NA	12.35	-40.71
NA	12.37	-40.695
NA	12.39	-41.335
NA	12.41	-41.455
NA	12.43	-40.955
NA	12.45	-40.96
NA	12.47	-41.11
NA	12.49	-41.22
NA	12.51	-40.705
NA	12.53	-40.955
NA	12.55	-41.27
NA	12.57	-39.855
NA	12.59	-40.035
NA	12.61	-40.76
NA	12.63	-40.995
NA	12.65	-42.08
NA	12.67	-41.65
NA	12.69	-41.2
NA	12.71	-41.37
NA	12.73	-41.595
NA	12.75	-42.04
NA	12.77	-41.885
NA	12.79	-41.495
NA	12.81	-40.45
NA	12.83	-40.015
NA	12.85	-40.265
NA	12.87	-40.12
NA	12.89	-39.43
NA	12.91	-39.395
NA	12.93	-39.96
NA	12.95	-39.765
NA	12.97	-38.595
NA	12.99	-38.015
NA	13.01	-38.69
NA	13.03	-39.04
NA	13.05	-39.415
NA	13.07	-39.715
NA	13.09	-39.525
NA	13.11	-40.005
NA	13.13	-40.145
NA	13.15	-40.175
NA	13.17	-40.365
NA	13.19	-40.835
NA	13.21	-40.8
NA	13.23	-40.305
NA	13.25	-40.315
NA	13.27	-40.34
NA	13.29	-40.02
NA	13.31	-39.38
NA	13.33	-39.135
NA	13.35	-38.995
NA	13.37	-39.18
NA	13.39	-39.21
NA	13.41	-38.815
NA	13.43	-38.455
NA	13.45	-38.555
NA	13.47	-38.445
NA	13.49	-38.355
NA	13.51	-38.685
NA	13.53	-38.565
NA	13.55	-38.035
NA	13.57	-37.91
NA	13.59	-38.185
NA	13.61	-38.64
NA	13.63	-39.175
NA	13.65	-39.495
NA	13.67	-39.835
NA	13.69	-39.62
NA	13.71	-39.145
NA	13.73	-38.88
NA	13.75	-38.8
NA	13.77	-38.295
NA	13.79	-38.055
NA	13.81	-38.93
NA	13.83	-39.11
NA	13.85	-38.33
NA	13.87	-38.46
NA	13.89	-38.515
NA	13.91	-37.98
NA	13.93	-38.22
NA	13.95	-38.33
NA	13.97	-38.415
NA	13.99	-38.31
NA	14.01	-38.995
NA	14.03	-39.51
NA	14.05	-39.385
NA	14.07	-39.97
NA	14.09	-40.055
NA	14.11	-40.425
NA	14.13	-39.5
NA	14.15	-38.195
NA	14.17	-38.175
NA	14.19	-38.345
NA	14.21	-38.355
NA	14.23	-37.81
NA	14.25	-37.525
NA	14.27	-37.945
NA	14.29	-38.095
NA	14.31	-37.475
NA	14.33	-37.165
NA	14.35	-37.095
NA	14.37	-37.295
NA	14.39	-37.175
NA	14.41	-37.155
NA	14.43	-36.785
NA	14.45	-36.62
NA	14.47	-37.23
NA	14.49	-37.165
NA	14.51	-36.95
NA	14.53	-36.565
NA	14.55	-36.19
NA	14.57	-36.12
NA	14.59	-36.135
NA	14.61	-36.555
NA	14.63	-36.395
NA	14.65	-36.28
NA	14.67	-37.11
NA	14.69	-37.5
NA	14.71	-37.745
NA	14.73	-39.31
NA	14.75	-41.31
NA	14.77	-42.225
NA	14.79	-41.65
NA	14.81	-40.93
NA	14.83	-40.475
NA	14.85	-40.3
NA	14.87	-41.56
NA	14.89	-41.61
NA	14.91	-40.975
NA	14.93	-40.655
NA	14.95	-40.805
NA	14.97	-41.615
NA	14.99	-41.72
NA	15.01	-41.275
NA	15.03	-41.75
NA	15.05	-42.5
NA	15.07	-41.945
NA	15.09	-42.34
NA	15.11	-41.565
NA	15.13	-41.735
NA	15.15	-43.125
NA	15.17	-41.395
NA	15.19	-41.19
NA	15.21	-42.66
NA	15.23	-42.53
NA	15.25	-41.315
NA	15.27	-42.055
NA	15.29	-42.085
NA	15.31	-42.76
NA	15.33	-43.44
NA	15.35	-41.64
NA	15.37	-41.695
NA	15.39	-41.425
NA	15.41	-40.725
NA	15.43	-40.32
NA	15.45	-41.63
NA	15.47	-42.855
NA	15.49	-42.64
NA	15.51	-42.24
NA	15.53	-41.785
NA	15.55	-42.765
NA	15.57	-42.71
NA	15.59	-42.55
NA	15.61	-43.89
NA	15.63	-43.435
NA	15.65	-42.255
NA	15.67	-42.145
NA	15.69	-42.155
NA	15.71	-41.305
NA	15.73	-41.97
NA	15.75	-43.29
NA	15.77	-43.835
NA	15.79	-43.71
NA	15.81	-43.385
NA	15.83	-43.925
NA	15.85	-42.035
NA	15.87	-40.945
NA	15.89	-41.43
NA	15.91	-40.985
NA	15.93	-41.995
NA	15.95	-43.065
NA	15.97	-42.25
NA	15.99	-41.045
NA	16.01	-41.07
NA	16.03	-41.785
NA	16.05	-42.12
NA	16.07	-41.84
NA	16.09	-41.355
NA	16.11	-42.145
NA	16.13	-43.975
NA	16.15	-44.105
NA	16.17	-41.785
NA	16.19	-41.955
NA	16.21	-42.72
NA	16.23	-41.78
NA	16.25	-42.97
NA	16.27	-42.06
NA	16.29	-41.14
NA	16.31	-42.19
NA	16.33	-41.38
NA	16.35	-41.42
NA	16.37	-42.185
NA	16.39	-42.41
NA	16.41	-41.14
NA	16.43	-41.265
NA	16.45	-42.21
NA	16.47	-41.19
NA	16.49	-41.665
NA	16.51	-41.915
NA	16.53	-41.21
NA	16.55	-39.745
NA	16.57	-39.335
NA	16.59	-41.03
NA	16.61	-41.595
NA	16.63	-41.05
NA	16.65	-41.69
NA	16.67	-42.785
NA	16.69	-41.835
NA	16.71	-41.22
NA	16.73	-41.105
NA	16.75	-41.675
NA	16.77	-41.04
NA	16.79	-40.055
NA	16.81	-41.25
NA	16.83	-41.35
NA	16.85	-40.1
NA	16.87	-39.95
NA	16.89	-40.045
NA	16.91	-39.9
NA	16.93	-40.32
NA	16.95	-41.21
NA	16.97	-41.67
NA	16.99	-41.82
NA	17.01	-41.56
NA	17.03	-41.405
NA	17.05	-41.255
NA	17.07	-41.34
NA	17.09	-41.135
NA	17.11	-39.875
NA	17.13	-39.375
NA	17.15	-40.685
NA	17.17	-41.11
NA	17.19	-40.03
NA	17.21	-40.36
NA	17.23	-40.525
NA	17.25	-40.365
NA	17.27	-40.71
NA	17.29	-41.74
NA	17.31	-41.03
NA	17.33	-39.805
NA	17.35	-40.67
NA	17.37	-41.06
NA	17.39	-40.615
NA	17.41	-40.295
NA	17.43	-40.59
NA	17.45	-42.105
NA	17.47	-42.665
NA	17.49	-41.95
NA	17.51	-41.14
NA	17.53	-40.745
NA	17.55	-41.085
NA	17.57	-41.33
NA	17.59	-40.055
NA	17.61	-39.665
NA	17.63	-41.16
NA	17.65	-40.725
NA	17.67	-39.64
NA	17.69	-40.295
NA	17.71	-40.47
NA	17.73	-40.375
NA	17.75	-41.61
NA	17.77	-41.95
NA	17.79	-41.345
NA	17.81	-41.175
NA	17.83	-40.965
NA	17.85	-39.92
NA	17.87	-40.205
NA	17.89	-41.92
NA	17.91	-42.885
NA	17.93	-42.255
NA	17.95	-41.025
NA	17.97	-41.72
NA	17.99	-42.125
NA	18.01	-42.63
NA	18.03	-42.895
NA	18.05	-42.475
NA	18.07	-42.265
NA	18.09	-41.18
NA	18.11	-41.67
NA	18.13	-42.835
NA	18.15	-42.825
NA	18.17	-42.89
NA	18.19	-41.78
NA	18.21	-40.635
NA	18.23	-40.83
NA	18.25	-41.635
NA	18.27	-42.06
NA	18.29	-41.73
NA	18.31	-43
NA	18.33	-43.255
NA	18.35	-41.435
NA	18.37	-42.26
NA	18.39	-43.11
NA	18.41	-42.72
NA	18.43	-42.675
NA	18.45	-42.125
NA	18.47	-42.005
NA	18.49	-42.18
NA	18.51	-42.55
NA	18.53	-41.44
NA	18.55	-41.125
NA	18.57	-41.97
NA	18.59	-40.82
NA	18.61	-40.425
NA	18.63	-41.905
NA	18.65	-42.135
NA	18.67	-40.89
NA	18.69	-40.67
NA	18.71	-40.535
NA	18.73	-40.915
NA	18.75	-41.4
NA	18.77	-41.055
NA	18.79	-41.85
NA	18.81	-42.45
NA	18.83	-41.835
NA	18.85	-41.35
NA	18.87	-41.065
NA	18.89	-41.42
NA	18.91	-41.175
NA	18.93	-40.325
NA	18.95	-41.31
NA	18.97	-42.22
NA	18.99	-41.475
NA	19.01	-41.48
NA	19.03	-41.7
NA	19.05	-41.73
NA	19.07	-41.11
NA	19.09	-41.33
NA	19.11	-42.21
NA	19.13	-41.93
NA	19.15	-41.76
NA	19.17	-41.985
NA	19.19	-42.625
NA	19.21	-42.065
NA	19.23	-42.54
NA	19.25	-43.13
NA	19.27	-41.525
NA	19.29	-42.13
NA	19.31	-42.5
NA	19.33	-41.975
NA	19.35	-41.57
NA	19.37	-40.845
NA	19.39	-41.48
NA	19.41	-41.715
NA	19.43	-42.305
NA	19.45	-42.98
NA	19.47	-42.71
NA	19.49	-41.585
NA	19.51	-41.1
NA	19.53	-41.765
NA	19.55	-41.765
NA	19.57	-42.005
NA	19.59	-41.795
NA	19.61	-41.74
NA	19.63	-41.495
NA	19.65	-40.655
NA	19.67	-40.865
NA	19.69	-41.35
NA	19.71	-40.875
NA	19.73	-40.72
NA	19.75	-41.765
NA	19.77	-41.745
NA	19.79	-41.42
NA	19.81	-41.5
NA	19.83	-42.22
NA	19.85	-42.925
NA	19.87	-42.21
NA	19.89	-40.79
NA	19.91	-40.455
NA	19.93	-41.06
NA	19.95	-41.035
NA	19.97	-41.13
NA	19.99	-42.1
NA	20.01	-42.38
NA	20.03	-42.4
NA	20.05	-42.325
NA	20.07	-41.825
NA	20.09	-42.205
NA	20.11	-42.74
NA	20.13	-42.02
NA	20.15	-42
NA	20.17	-42.33
NA	20.19	-42.305
NA	20.21	-42.4
NA	20.23	-42.485
NA	20.25	-41.57
NA	20.27	-40.88
NA	20.29	-41.945
NA	20.31	-42.5
NA	20.33	-42.21
NA	20.35	-42.15
NA	20.37	-42.775
NA	20.39	-42.52
NA	20.41	-42.49
NA	20.43	-43.82
NA	20.45	-43.5
NA	20.47	-42.825
NA	20.49	-43.355
NA	20.51	-42.76
NA	20.53	-41.97
NA	20.55	-42.565
NA	20.57	-43.28
NA	20.59	-44.16
NA	20.61	-43.75
NA	20.63	-42.275
NA	20.65	-41.965
NA	20.67	-42.17
NA	20.69	-41.52
NA	20.71	-40.34
NA	20.73	-41.83
NA	20.75	-42.855
NA	20.77	-41.035
NA	20.79	-41.345
NA	20.81	-42.565
NA	20.83	-42.69
NA	20.85	-41.835
NA	20.87	-42.03
NA	20.89	-42.95
NA	20.91	-42.315
NA	20.93	-42.7
NA	20.95	-42.77
NA	20.97	-43.09
NA	20.99	-43.44
NA	21.01	-43.025
NA	21.03	-43.965
NA	21.05	-44.155
NA	21.07	-43.01
NA	21.09	-42.4
NA	21.11	-42.965
NA	21.13	-43.465
NA	21.15	-42.98
NA	21.17	-42.265
NA	21.19	-41.955
NA	21.21	-41.99
NA	21.23	-42.9
NA	21.25	-43.385
NA	21.27	-43.385
NA	21.29	-43.245
NA	21.31	-42.635
NA	21.33	-41.85
NA	21.35	-41.49
NA	21.37	-42.19
NA	21.39	-43.135
NA	21.41	-42.95
NA	21.43	-42.295
NA	21.45	-43.14
NA	21.47	-42.485
NA	21.49	-41.805
NA	21.51	-42.705
NA	21.53	-43.805
NA	21.55	-43.215
NA	21.57	-41.935
NA	21.59	-42.455
NA	21.61	-42.48
NA	21.63	-41.56
NA	21.65	-41.94
NA	21.67	-42.385
NA	21.69	-42.655
NA	21.71	-42.71
NA	21.73	-41.805
NA	21.75	-42.865
NA	21.77	-44.04
NA	21.79	-43.2
NA	21.81	-43.09
NA	21.83	-43.61
NA	21.85	-43.315
NA	21.87	-42.93
NA	21.89	-43.175
NA	21.91	-43.365
NA	21.93	-42.23
NA	21.95	-41.625
NA	21.97	-42.09
NA	21.99	-42.35
NA	22.01	-42.56
NA	22.03	-42.645
NA	22.05	-42.575
NA	22.07	-42.2
NA	22.09	-41.2
NA	22.11	-41.9
NA	22.13	-42.14
NA	22.15	-42.14
NA	22.17	-42.655
NA	22.19	-41.51
NA	22.21	-41.58
NA	22.23	-41.855
NA	22.25	-41.525
NA	22.27	-41.35
NA	22.29	-41.295
NA	22.31	-41.875
NA	22.33	-42.355
NA	22.35	-42.72
NA	22.37	-42.875
NA	22.39	-41.855
NA	22.41	-42.365
NA	22.43	-43.065
NA	22.45	-42.955
NA	22.47	-42.89
NA	22.49	-42.41
NA	22.51	-42.195
NA	22.53	-41.94
NA	22.55	-42.99
NA	22.57	-43.475
NA	22.59	-42.91
NA	22.61	-42.45
NA	22.63	-42.195
NA	22.65	-41.995
NA	22.67	-42.225
NA	22.69	-42.855
NA	22.71	-42.97
NA	22.73	-43.16
NA	22.75	-43.025
NA	22.77	-41.645
NA	22.79	-40.695
NA	22.81	-40.515
NA	22.83	-41.375
NA	22.85	-41.92
NA	22.87	-41.74
NA	22.89	-42.015
NA	22.91	-42.75
NA	22.93	-43.005
NA	22.95	-41.7
NA	22.97	-41.535
NA	22.99	-41.175
NA	23.01	-40.835
NA	23.03	-41.57
NA	23.05	-42.3
NA	23.07	-42.42
NA	23.09	-41.995
NA	23.11	-42.065
NA	23.13	-42.895
NA	23.15	-43.315
NA	23.17	-42.55
NA	23.19	-41.95
NA	23.21	-42.32
NA	23.23	-42.13
NA	23.25	-41.315
NA	23.27	-41.55
NA	23.29	-41.565
NA	23.31	-40.765
NA	23.33	-39.72
NA	23.35	-39.73
NA	23.37	-40.19
NA	23.39	-40.63
NA	23.41	-41.845
NA	23.43	-42.64
NA	23.45	-43.585
NA	23.47	-43.57
NA	23.49	-42.59
NA	23.51	-42.145
NA	23.53	-41.965
NA	23.55	-43.345
NA	23.57	-44.37
NA	23.59	-44.365
NA	23.61	-44.445
NA	23.63	-43.015
NA	23.65	-43.255
NA	23.67	-44.69
NA	23.69	-43.745
NA	23.71	-42.965
NA	23.73	-43.83
NA	23.75	-44.935
NA	23.77	-44.36
NA	23.79	-42.475
NA	23.81	-42.82
NA	23.83	-44.035
NA	23.85	-43.915
NA	23.87	-43.99
NA	23.89	-44.12
NA	23.91	-43.9
NA	23.93	-43.385
NA	23.95	-43.315
NA	23.97	-43.235
NA	23.99	-43.7
NA	24.01	-44.155
NA	24.03	-42.395
NA	24.05	-41.8
NA	24.07	-42.585
NA	24.09	-43.28
NA	24.11	-44.065
NA	24.13	-44.16
NA	24.15	-43.585
NA	24.17	-43.615
NA	24.19	-43.685
NA	24.21	-43.615
NA	24.23	-43.23
NA	24.25	-43.32
NA	24.27	-44.425
NA	24.29	-44.425
NA	24.31	-43.96
NA	24.33	-43.745
NA	24.35	-42.85
NA	24.37	-42.695
NA	24.39	-43.37
NA	24.41	-43.605
NA	24.43	-43.985
NA	24.45	-44.09
NA	24.47	-43.275
NA	24.49	-42.155
NA	24.51	-43.34
NA	24.53	-43.82
NA	24.55	-42.96
NA	24.57	-43.31
NA	24.59	-43.73
NA	24.61	-43.245
NA	24.63	-42.38
NA	24.65	-42.655
NA	24.67	-43.035
NA	24.69	-44.295
NA	24.71	-44.725
NA	24.73	-44.225
NA	24.75	-43.65
NA	24.77	-42.615
NA	24.79	-42.885
NA	24.81	-43.68
NA	24.83	-43.78
NA	24.85	-44.25
NA	24.87	-44.78
NA	24.89	-43.99
NA	24.91	-43.905
NA	24.93	-44.53
NA	24.95	-44.835
NA	24.97	-44.07
NA	24.99	-42.64
NA	25.01	-42.55
NA	25.03	-42.95
NA	25.05	-42.545
NA	25.07	-42.97
NA	25.09	-43.135
NA	25.11	-43.195
NA	25.13	-43.99
NA	25.15	-44.22
NA	25.17	-44.245
NA	25.19	-43.71
NA	25.21	-42.9
NA	25.23	-42.93
NA	25.25	-43.255
NA	25.27	-42.875
NA	25.29	-43.23
NA	25.31	-43.6
NA	25.33	-43.49
NA	25.35	-43.51
NA	25.37	-43.57
NA	25.39	-43.72
NA	25.41	-42.805
NA	25.43	-42.835
NA	25.45	-43.58
NA	25.47	-44.39
NA	25.49	-44.74
NA	25.51	-44.84
NA	25.53	-44.695
NA	25.55	-43.225
NA	25.57	-41.855
NA	25.59	-42.005
NA	25.61	-43.82
NA	25.63	-44.285
NA	25.65	-43.39
NA	25.67	-43.095
NA	25.69	-43.96
NA	25.71	-44.71
NA	25.73	-45.31
NA	25.75	-44.925
NA	25.77	-43.815
NA	25.79	-44.555
NA	25.81	-44.275
NA	25.83	-43.39
NA	25.85	-43.805
NA	25.87	-44.045
NA	25.89	-44.53
NA	25.91	-44.75
NA	25.93	-44.465
NA	25.95	-44.545
NA	25.97	-43.545
NA	25.99	-42.885
NA	26.01	-43.785
NA	26.03	-43.465
NA	26.05	-43.355
NA	26.07	-44.905
NA	26.09	-44.53
NA	26.11	-42.895
NA	26.13	-43.075
NA	26.15	-42.85
NA	26.17	-43.02
NA	26.19	-43.335
NA	26.21	-42.505
NA	26.23	-42.055
NA	26.25	-42.38
NA	26.27	-42.67
NA	26.29	-43.18
NA	26.31	-43.68
NA	26.33	-43.07
NA	26.35	-43.045
NA	26.37	-42.7
NA	26.39	-42.49
NA	26.41	-42.815
NA	26.43	-42.31
NA	26.45	-42.25
NA	26.47	-42.795
NA	26.49	-43.125
NA	26.51	-43.32
NA	26.53	-42.985
NA	26.55	-43.73
NA	26.57	-44.595
NA	26.59	-45.475
NA	26.61	-46.03
NA	26.63	-44.43
NA	26.65	-43.255
NA	26.67	-43.71
NA	26.69	-43.63
NA	26.71	-43.075
NA	26.73	-43.355
NA	26.75	-43.36
NA	26.77	-43.305
NA	26.79	-44.01
NA	26.81	-44.16
NA	26.83	-44.085
NA	26.85	-44.55
NA	26.87	-43.805
NA	26.89	-42.84
NA	26.91	-43.73
NA	26.93	-44.065
NA	26.95	-43.31
NA	26.97	-43.685
NA	26.99	-43.66
NA	27.01	-42.44
NA	27.03	-42.745
NA	27.05	-43.595
NA	27.07	-43.725
NA	27.09	-44.27
NA	27.11	-44.275
NA	27.13	-43.405
NA	27.15	-42.635
NA	27.17	-41.87
NA	27.19	-42.84
NA	27.21	-43.085
NA	27.23	-42.535
NA	27.25	-43.33
NA	27.27	-43.28
NA	27.29	-43.195
NA	27.31	-43.13
NA	27.33	-43.25
NA	27.35	-43.28
NA	27.37	-43.85
NA	27.39	-43.92
NA	27.41	-43.815
NA	27.43	-44.03
NA	27.45	-44.265
NA	27.47	-44.88
NA	27.49	-44.425
NA	27.51	-44.21
NA	27.53	-43.71
NA	27.55	-42.725
NA	27.57	-42.765
NA	27.59	-42.36
NA	27.61	-41.385
NA	27.63	-41.005
NA	27.65	-40.96
NA	27.67	-40.185
NA	27.69	-39.405
NA	27.71	-39.855
NA	27.73	-40.35
NA	27.75	-39.63
NA	27.77	-38.535
NA	27.79	-38.295
NA	27.81	-38.91
NA	27.83	-41.615
NA	27.85	-43.515
NA	27.87	-43.755
NA	27.89	-44.205
NA	27.91	-43.055
NA	27.93	-43.425
NA	27.95	-44.73
NA	27.97	-43.89
NA	27.99	-43.455
NA	28.01	-43.77
NA	28.03	-43.94
NA	28.05	-44.52
NA	28.07	-44.965
NA	28.09	-44.48
NA	28.11	-44.395
NA	28.13	-44.86
NA	28.15	-44.355
NA	28.17	-43.85
NA	28.19	-43.53
NA	28.21	-44.71
NA	28.23	-44.985
NA	28.25	-43.64
NA	28.27	-44.205
NA	28.29	-44.695
NA	28.31	-44.74
NA	28.33	-44.28
NA	28.35	-42.855
NA	28.37	-43.81
NA	28.39	-45.1
NA	28.41	-43.665
NA	28.43	-43.8
NA	28.45	-43.895
NA	28.47	-43.15
NA	28.49	-43.73
NA	28.51	-44.225
NA	28.53	-44.71
NA	28.55	-44.18
NA	28.57	-42.855
NA	28.59	-43.165
NA	28.61	-43.53
NA	28.63	-43.045
NA	28.65	-41.935
NA	28.67	-40.82
NA	28.69	-40.635
NA	28.71	-40.375
NA	28.73	-40.19
NA	28.75	-40.635
NA	28.77	-40.62
NA	28.79	-40.46
NA	28.81	-40.635
NA	28.83	-39.545
NA	28.85	-38.855
NA	28.87	-39.35
NA	28.89	-39.825
NA	28.91	-40.03
NA	28.93	-41.045
NA	28.95	-42.975
NA	28.97	-43.725
NA	28.99	-43.335
NA	29.01	-43.205
NA	29.03	-44.325
NA	29.05	-44.97
NA	29.07	-44.295
NA	29.09	-43.685
NA	29.11	-43.585
NA	29.13	-44.46
NA	29.15	-44.56
NA	29.17	-44.395
NA	29.19	-43.875
NA	29.21	-43.365
NA	29.23	-44.54
NA	29.25	-44.545
NA	29.27	-43.35
NA	29.29	-44.375
NA	29.31	-44.94
NA	29.33	-43.855
NA	29.35	-44.09
NA	29.37	-43.655
NA	29.39	-43.87
NA	29.41	-44.375
NA	29.43	-43.515
NA	29.45	-43.275
NA	29.47	-43.64
NA	29.49	-44.645
NA	29.51	-45
NA	29.53	-44.28
NA	29.55	-45.15
NA	29.57	-45.415
NA	29.59	-44.24
NA	29.61	-44.335
NA	29.63	-45.25
NA	29.65	-46.015
NA	29.67	-45.335
NA	29.69	-43.735
NA	29.71	-43.925
NA	29.73	-45.67
NA	29.75	-45.335
NA	29.77	-45.18
NA	29.79	-45.345
NA	29.81	-44.49
NA	29.83	-43.99
NA	29.85	-43.795
NA	29.87	-44.625
NA	29.89	-44.865
NA	29.91	-44.125
NA	29.93	-44.225
NA	29.95	-44.585
NA	29.97	-44.085
NA	29.99	-44.17
NA	30.01	-44.355
NA	30.03	-43.545
NA	30.05	-43.33
NA	30.07	-44.585
NA	30.09	-45.605
NA	30.11	-44.78
NA	30.13	-44.405
NA	30.15	-45.595
NA	30.17	-45.22
NA	30.19	-44.625
NA	30.21	-44.815
NA	30.23	-43.815
NA	30.25	-44.24
NA	30.27	-44.995
NA	30.29	-44.59
NA	30.31	-44.95
NA	30.33	-45.015
NA	30.35	-44.84
NA	30.37	-44.18
NA	30.39	-43.875
NA	30.41	-43.285
NA	30.43	-43.09
NA	30.45	-44.34
NA	30.47	-44.84
NA	30.49	-45.08
NA	30.51	-44.985
NA	30.53	-44.36
NA	30.55	-43.735
NA	30.57	-43.475
NA	30.59	-43.85
NA	30.61	-43.46
NA	30.63	-43.455
NA	30.65	-43.765
NA	30.67	-43.55
NA	30.69	-42.7
NA	30.71	-42.01
NA	30.73	-42.9
NA	30.75	-42.8
NA	30.77	-42.465
NA	30.79	-42.375
NA	30.81	-42.025
NA	30.83	-43.015
NA	30.85	-44.54
NA	30.87	-43.945
NA	30.89	-43.365
NA	30.91	-43.175
NA	30.93	-42.835
NA	30.95	-43.47
NA	30.97	-44.24
NA	30.99	-45.08
NA	31.01	-44.425
NA	31.03	-43.915
NA	31.05	-43.68
NA	31.07	-43.95
NA	31.09	-43.34
NA	31.11	-43.01
NA	31.13	-44.225
NA	31.15	-44.16
NA	31.17	-43.59
NA	31.19	-43.325
NA	31.21	-43.15
NA	31.23	-43.935
NA	31.25	-44.43
NA	31.27	-43.975
NA	31.29	-44.225
NA	31.31	-43.935
NA	31.33	-43.825
NA	31.35	-43.38
NA	31.37	-43.21
NA	31.39	-43.655
NA	31.41	-44.015
NA	31.43	-44.78
NA	31.45	-44.385
NA	31.47	-43.32
NA	31.49	-43.825
NA	31.51	-43.1
NA	31.53	-42.465
NA	31.55	-44.355
NA	31.57	-44.635
NA	31.59	-43.62
NA	31.61	-44.065
NA	31.63	-44.035
NA	31.65	-43.66
NA	31.67	-44.09
NA	31.69	-43.94
NA	31.71	-43.995
NA	31.73	-43.955
NA	31.75	-43.42
NA	31.77	-42.955
NA	31.79	-42.905
NA	31.81	-44.07
NA	31.83	-44.13
NA	31.85	-43.32
NA	31.87	-43.46
NA	31.89	-44.37
NA	31.91	-44.015
NA	31.93	-43.85
NA	31.95	-43.815
NA	31.97	-43.485
NA	31.99	-43.86
NA	32.01	-43.815
NA	32.03	-43.355
NA	32.05	-43.51
NA	32.07	-44.155
NA	32.09	-42.63
NA	32.11	-41.565
NA	32.13	-41.475
NA	32.15	-42.005
NA	32.17	-41.63
NA	32.19	-40.76
NA	32.21	-40.87
NA	32.23	-40.77
NA	32.25	-40.725
NA	32.27	-40.23
NA	32.29	-40.095
NA	32.31	-40.52
NA	32.33	-40.61
NA	32.35	-40.605
NA	32.37	-40.565
NA	32.39	-40.425
NA	32.41	-40.135
NA	32.43	-39.45
NA	32.45	-39.715
NA	32.47	-40.005
NA	32.49	-39.215
NA	32.51	-38.845
NA	32.53	-39.515
NA	32.55	-41.26
NA	32.57	-43.105
NA	32.59	-43.665
NA	32.61	-43.825
NA	32.63	-43.955
NA	32.65	-43.73
NA	32.67	-43.52
NA	32.69	-44.065
NA	32.71	-44.03
NA	32.73	-44.535
NA	32.75	-45.19
NA	32.77	-44.58
NA	32.79	-43.83
NA	32.81	-43.26
NA	32.83	-44.235
NA	32.85	-45.14
NA	32.87	-45.04
NA	32.89	-44.825
NA	32.91	-45.295
NA	32.93	-45.015
NA	32.95	-44.165
NA	32.97	-43.955
NA	32.99	-42.965
NA	33.01	-42.42
NA	33.03	-43.52
NA	33.05	-44.05
NA	33.07	-43.81
NA	33.09	-43.245
NA	33.11	-43.285
NA	33.13	-44.09
NA	33.15	-44.225
NA	33.17	-44.195
NA	33.19	-43.755
NA	33.21	-43.09
NA	33.23	-42.78
NA	33.25	-42.905
NA	33.27	-43.94
NA	33.29	-43.855
NA	33.31	-43.21
NA	33.33	-43.555
NA	33.35	-44.765
NA	33.37	-44.605
NA	33.39	-43.35
NA	33.41	-42.62
NA	33.43	-41.52
NA	33.45	-41.355
NA	33.47	-41.265
NA	33.49	-40.36
NA	33.51	-39.91
NA	33.53	-39.84
NA	33.55	-40.02
NA	33.57	-40.375
NA	33.59	-39.615
NA	33.61	-39.445
NA	33.63	-39.97
NA	33.65	-39.825
NA	33.67	-39.81
NA	33.69	-39.995
NA	33.71	-39.32
NA	33.73	-38.82
NA	33.75	-39.45
NA	33.77	-40.19
NA	33.79	-41.18
NA	33.81	-41.895
NA	33.83	-42.015
NA	33.85	-42.24
NA	33.87	-42.4
NA	33.89	-42.275
NA	33.91	-43.13
NA	33.93	-42.73
NA	33.95	-42.375
NA	33.97	-43.185
NA	33.99	-42.895
NA	34.01	-43.845
NA	34.03	-43.865
NA	34.05	-43.11
NA	34.07	-42.825
NA	34.09	-42.485
NA	34.11	-42.87
NA	34.13	-42.615
NA	34.15	-42.755
NA	34.17	-43.21
NA	34.19	-42.62
NA	34.21	-42.245
NA	34.23	-42.855
NA	34.25	-43.25
NA	34.27	-42.49
NA	34.29	-42.27
NA	34.31	-42.5
NA	34.33	-42.88
NA	34.35	-43.76
NA	34.37	-43.705
NA	34.39	-42.855
NA	34.41	-42.385
NA	34.43	-43.4
NA	34.45	-43.515
NA	34.47	-42.905
NA	34.49	-42.745
NA	34.51	-42.165
NA	34.53	-42.61
NA	34.55	-42.96
NA	34.57	-43.05
NA	34.59	-43.665
NA	34.61	-43.275
NA	34.63	-42.845
NA	34.65	-43.5
NA	34.67	-43.715
NA	34.69	-42.64
NA	34.71	-41.545
NA	34.73	-41.775
NA	34.75	-42.665
NA	34.77	-43.72
NA	34.79	-42.625
NA	34.81	-40.555
NA	34.83	-39.78
NA	34.85	-39.88
NA	34.87	-40.695
NA	34.89	-40.605
NA	34.91	-40.285
NA	34.93	-40.76
NA	34.95	-40.805
NA	34.97	-41.105
NA	34.99	-40.925
NA	35.01	-40.69
NA	35.03	-41.175
NA	35.05	-41.105
NA	35.07	-40.6
NA	35.09	-39.875
NA	35.11	-39.39
NA	35.13	-39.3
NA	35.15	-39.775
NA	35.17	-40.19
NA	35.19	-40.055
NA	35.21	-39.53
NA	35.23	-39.71
NA	35.25	-40.28
NA	35.27	-39.6
NA	35.29	-39.195
NA	35.31	-39.475
NA	35.33	-39.565
NA	35.35	-39.515
NA	35.37	-39.41
NA	35.39	-39.05
NA	35.41	-38.645
NA	35.43	-39.13
NA	35.45	-39.135
NA	35.47	-38.53
NA	35.49	-38.715
NA	35.51	-39.32
NA	35.53	-40.215
NA	35.55	-41.855
NA	35.57	-42.84
NA	35.59	-43.795
NA	35.61	-42.755
NA	35.63	-42.015
NA	35.65	-42.975
NA	35.67	-42.835
NA	35.69	-42.2
NA	35.71	-42.235
NA	35.73	-42.935
NA	35.75	-42.33
NA	35.77	-41.655
NA	35.79	-41.435
NA	35.81	-42.655
NA	35.83	-43.55
NA	35.85	-43.12
NA	35.87	-43.59
NA	35.89	-44.5
NA	35.91	-44.665
NA	35.93	-44.56
NA	35.95	-44.315
NA	35.97	-43.97
NA	35.99	-42.905
NA	36.01	-42.41
NA	36.03	-42.745
NA	36.05	-42.89
NA	36.07	-43.345
NA	36.09	-43.475
NA	36.11	-43.415
NA	36.13	-43.155
NA	36.15	-43.105
NA	36.17	-42.825
NA	36.19	-42.8
NA	36.21	-42.73
NA	36.23	-41.53
NA	36.25	-42.215
NA	36.27	-43.24
NA	36.29	-42.915
NA	36.31	-43.14
NA	36.33	-43.87
NA	36.35	-43.45
NA	36.37	-42.84
NA	36.39	-42.25
NA	36.41	-41.515
NA	36.43	-42.195
NA	36.45	-43.03
NA	36.47	-42.8
NA	36.49	-42.89
NA	36.51	-42.775
NA	36.53	-41.86
NA	36.55	-41.65
NA	36.57	-42.4
NA	36.59	-43.2
NA	36.61	-43.02
NA	36.63	-42.715
NA	36.65	-41.95
NA	36.67	-41.715
NA	36.69	-40.895
NA	36.71	-40.04
NA	36.73	-41.005
NA	36.75	-41.45
NA	36.77	-40.915
NA	36.79	-41.04
NA	36.81	-41.335
NA	36.83	-41.28
NA	36.85	-41.305
NA	36.87	-40.65
NA	36.89	-40.535
NA	36.91	-41.18
NA	36.93	-41.21
NA	36.95	-41.355
NA	36.97	-41.485
NA	36.99	-41.82
NA	37.01	-41.675
NA	37.03	-41.105
NA	37.05	-40.935
NA	37.07	-41.02
NA	37.09	-41.335
NA	37.11	-41.085
NA	37.13	-40.75
NA	37.15	-41.055
NA	37.17	-40.675
NA	37.19	-40.285
NA	37.21	-40.39
NA	37.23	-40.085
NA	37.25	-39.7
NA	37.27	-39.585
NA	37.29	-39.52
NA	37.31	-39.875
NA	37.33	-40.165
NA	37.35	-39.67
NA	37.37	-39.15
NA	37.39	-39.16
NA	37.41	-40.13
NA	37.43	-40.51
NA	37.45	-40.475
NA	37.47	-39.905
NA	37.49	-39.1
NA	37.51	-38.945
NA	37.53	-38.655
NA	37.55	-38.94
NA	37.57	-39.635
NA	37.59	-39.265
NA	37.61	-38.615
NA	37.63	-38.57
NA	37.65	-39.04
NA	37.67	-39.31
NA	37.69	-38.865
NA	37.71	-38.945
NA	37.73	-38.87
NA	37.75	-38.64
NA	37.77	-39.015
NA	37.79	-39.025
NA	37.81	-38.925
NA	37.83	-39.01
NA	37.85	-38.97
NA	37.87	-39.2
NA	37.89	-39.065
NA	37.91	-39.21
NA	37.93	-39.42
NA	37.95	-39.05
NA	37.97	-39.05
NA	37.99	-39.07
NA	38.01	-38.54
NA	38.03	-38.595
NA	38.05	-38.975
NA	38.07	-38.52
NA	38.09	-38.455
NA	38.11	-38.88
NA	38.13	-38.845
NA	38.15	-38.44
NA	38.17	-38.03
NA	38.19	-38.035
NA	38.21	-38.38
NA	38.23	-38.055
NA	38.25	-38.565
NA	38.27	-40.835
NA	38.29	-41.975
NA	38.31	-41.98
NA	38.33	-42.115
NA	38.35	-42.085
NA	38.37	-42.33
NA	38.39	-42.945
NA	38.41	-43.37
NA	38.43	-42.48
NA	38.45	-42.52
NA	38.47	-41.735
NA	38.49	-40.915
NA	38.51	-42.745
NA	38.53	-42.745
NA	38.55	-41.67
NA	38.57	-42.87
NA	38.59	-43.63
NA	38.61	-43.02
NA	38.63	-42.43
NA	38.65	-43.045
NA	38.67	-43.235
NA	38.69	-42.475
NA	38.71	-42.745
NA	38.73	-43.23
NA	38.75	-44.085
NA	38.77	-43.375
NA	38.79	-42.895
NA	38.81	-43.095
NA	38.83	-43.475
NA	38.85	-43.705
NA	38.87	-43.28
NA	38.89	-43.45
NA	38.91	-42.985
NA	38.93	-42.045
NA	38.95	-42.255
NA	38.97	-43.045
NA	38.99	-42.285
NA	39.01	-41.9
NA	39.03	-42.09
NA	39.05	-42.78
NA	39.07	-44.14
NA	39.09	-44.8
NA	39.11	-43.62
NA	39.13	-42.585
NA	39.15	-43.855
NA	39.17	-43.89
NA	39.19	-43.43
NA	39.21	-43.57
NA	39.23	-42.875
NA	39.25	-42.655
NA	39.27	-43.585
NA	39.29	-43.8
NA	39.31	-43.835
NA	39.33	-43.81
NA	39.35	-42.985
NA	39.37	-43.385
NA	39.39	-43.28
NA	39.41	-42.945
NA	39.43	-43.64
NA	39.45	-43.675
NA	39.47	-42.745
NA	39.49	-41.785
NA	39.51	-43.165
NA	39.53	-44.41
NA	39.55	-44.265
NA	39.57	-43.885
NA	39.59	-42.815
NA	39.61	-42.395
NA	39.63	-42.135
NA	39.65	-43.2
NA	39.67	-44.07
NA	39.69	-43.23
NA	39.71	-42.68
NA	39.73	-42.425
NA	39.75	-42.805
NA	39.77	-43.68
NA	39.79	-43.2
NA	39.81	-42.905
NA	39.83	-42.985
NA	39.85	-42.585
NA	39.87	-43.47
NA	39.89	-43.805
NA	39.91	-43.53
NA	39.93	-43.065
NA	39.95	-42.405
NA	39.97	-42.205
NA	39.99	-42.185
NA	40.01	-41.9
NA	40.03	-41.235
NA	40.05	-40.585
NA	40.07	-40.585
NA	40.09	-40.775
NA	40.11	-40.6
NA	40.13	-40.085
NA	40.15	-40.13
NA	40.17	-40.005
NA	40.19	-40.14
NA	40.21	-41.695
NA	40.23	-43.125
NA	40.25	-43.14
NA	40.27	-42.34
NA	40.29	-42.31
NA	40.31	-42.29
NA	40.33	-42.285
NA	40.35	-42.315
NA	40.37	-42.055
NA	40.39	-42.19
NA	40.41	-42.39
NA	40.43	-42.075
NA	40.45	-42.1
NA	40.47	-42.34
NA	40.49	-42.625
NA	40.51	-42.535
NA	40.53	-42.18
NA	40.55	-42.04
NA	40.57	-41.845
NA	40.59	-42.17
NA	40.61	-42.925
NA	40.63	-43.195
NA	40.65	-42.785
NA	40.67	-44
NA	40.69	-43.99
NA	40.71	-42.53
NA	40.73	-42.67
NA	40.75	-43.57
NA	40.77	-43.41
NA	40.79	-43.53
NA	40.81	-44.17
NA	40.83	-43.51
NA	40.85	-42.13
NA	40.87	-41.83
NA	40.89	-42.04
NA	40.91	-42.06
NA	40.93	-42.3
NA	40.95	-42.16
NA	40.97	-41.83
NA	40.99	-41.73
NA	41.01	-41.295
NA	41.03	-40.79
NA	41.05	-40.985
NA	41.07	-40.205
NA	41.09	-39.71
NA	41.11	-40.085
NA	41.13	-39.97
NA	41.15	-39.415
NA	41.17	-39.795
NA	41.19	-40.03
NA	41.21	-40.5
NA	41.23	-40.26
NA	41.25	-39.3
NA	41.27	-39.745
NA	41.29	-39.98
NA	41.31	-39.9
NA	41.33	-39.16
NA	41.35	-38.915
NA	41.37	-39.44
NA	41.39	-39.68
NA	41.41	-39.45
NA	41.43	-38.89
NA	41.45	-38.7
NA	41.47	-38.465
NA	41.49	-39.08
NA	41.51	-40.79
NA	41.53	-42.505
NA	41.55	-42.745
NA	41.57	-41.78
NA	41.59	-42.4
NA	41.61	-43.13
NA	41.63	-42.73
NA	41.65	-42.23
NA	41.67	-42.035
NA	41.69	-41.985
NA	41.71	-42.635
NA	41.73	-43.265
NA	41.75	-42.42
NA	41.77	-41.805
NA	41.79	-42.72
NA	41.81	-43.52
NA	41.83	-43.44
NA	41.85	-43.225
NA	41.87	-42.555
NA	41.89	-42.03
NA	41.91	-42.175
NA	41.93	-42.805
NA	41.95	-43.37
NA	41.97	-43.085
NA	41.99	-42.265
NA	42.01	-42.435
NA	42.03	-43.01
NA	42.05	-43.565
NA	42.07	-42.965
NA	42.09	-42.045
NA	42.11	-42.8
NA	42.13	-42.865
NA	42.15	-42.445
NA	42.17	-42.08
NA	42.19	-41.62
NA	42.21	-41.93
NA	42.23	-42.2
NA	42.25	-42.22
NA	42.27	-42.1
NA	42.29	-41.88
NA	42.31	-42.2
NA	42.33	-41.615
NA	42.35	-40.065
NA	42.37	-40.53
NA	42.39	-41.065
NA	42.41	-40.94
NA	42.43	-41
NA	42.45	-40.78
NA	42.47	-40.54
NA	42.49	-40.955
NA	42.51	-41.69
NA	42.53	-41.805
NA	42.55	-41.49
NA	42.57	-40.865
NA	42.59	-40.815
NA	42.61	-41.335
NA	42.63	-41.295
NA	42.65	-40.455
NA	42.67	-40.18
NA	42.69	-40.71
NA	42.71	-40.835
NA	42.73	-40.155
NA	42.75	-39.48
NA	42.77	-39.845
NA	42.79	-39.895
NA	42.81	-39.525
NA	42.83	-39.94
NA	42.85	-39.88
NA	42.87	-39.485
NA	42.89	-39.48
NA	42.91	-39.505
NA	42.93	-39.655
NA	42.95	-39.25
NA	42.97	-38.83
NA	42.99	-39.02
NA	43.01	-39.345
NA	43.03	-39.5
NA	43.05	-38.92
NA	43.07	-38.26
NA	43.09	-38.335
NA	43.11	-38.675
NA	43.13	-38.385
NA	43.15	-38.425
NA	43.17	-39.175
NA	43.19	-39.195
NA	43.21	-39.185
NA	43.23	-39.64
NA	43.25	-40.25
NA	43.27	-40.105
NA	43.29	-39.205
NA	43.31	-39.31
NA	43.33	-39.495
NA	43.35	-38.89
NA	43.37	-39.195
NA	43.39	-40.5
NA	43.41	-41.765
NA	43.43	-41.96
NA	43.45	-41.475
NA	43.47	-41.745
NA	43.49	-42.49
NA	43.51	-43.41
NA	43.53	-43.23
NA	43.55	-43.225
NA	43.57	-43.08
NA	43.59	-42.965
NA	43.61	-43.695
NA	43.63	-43.89
NA	43.65	-44.075
NA	43.67	-43.76
NA	43.69	-43.28
NA	43.71	-42.64
NA	43.73	-42.48
NA	43.75	-42.215
NA	43.77	-41.88
NA	43.79	-42.535
NA	43.81	-42.35
NA	43.83	-42.255
NA	43.85	-42.09
NA	43.87	-42.215
NA	43.89	-41.665
NA	43.91	-41.535
NA	43.93	-42.365
NA	43.95	-42.5
NA	43.97	-43.475
NA	43.99	-43.135
NA	44.01	-43.545
NA	44.03	-43.07
NA	44.05	-41.56
NA	44.07	-42.255
NA	44.09	-42.305
NA	44.11	-42.765
NA	44.13	-43.34
NA	44.15	-42.87
NA	44.17	-43.24
NA	44.19	-43.74
NA	44.21	-43.595
NA	44.23	-42.68
NA	44.25	-41.755
NA	44.27	-42.52
NA	44.29	-43.25
NA	44.31	-43.6
NA	44.33	-42.79
NA	44.35	-41.75
NA	44.37	-41.87
NA	44.39	-41.75
NA	44.41	-41.44
NA	44.43	-40.5
NA	44.45	-39.665
NA	44.47	-40.15
NA	44.49	-40.325
NA	44.51	-40.035
NA	44.53	-39.785
NA	44.55	-39.94
NA	44.57	-40.805
NA	44.59	-40.75
NA	44.61	-40.985
NA	44.63	-42.04
NA	44.65	-42.08
NA	44.67	-41.685
NA	44.69	-41.585
NA	44.71	-41.78
NA	44.73	-41.385
NA	44.75	-40.415
NA	44.77	-40.445
NA	44.79	-41.025
NA	44.81	-40.78
NA	44.83	-40.93
NA	44.85	-41.61
NA	44.87	-41.18
NA	44.89	-40.71
NA	44.91	-41.56
NA	44.93	-42.275
NA	44.95	-41.635
NA	44.97	-41.205
NA	44.99	-41.33
NA	45.01	-40.755
NA	45.03	-40.52
NA	45.05	-40.38
NA	45.07	-40.6
NA	45.09	-41.13
NA	45.11	-40.865
NA	45.13	-40.91
NA	45.15	-40.81
NA	45.17	-40.345
NA	45.19	-40.815
NA	45.21	-41.37
NA	45.23	-40.695
NA	45.25	-40.125
NA	45.27	-40.145
NA	45.29	-40.275
NA	45.31	-40.945
NA	45.33	-40.76
NA	45.35	-40.52
NA	45.37	-41.305
NA	45.39	-40.93
NA	45.41	-40.825
NA	45.43	-40.85
NA	45.45	-40.51
NA	45.47	-40.44
NA	45.49	-39.765
NA	45.51	-39.39
NA	45.53	-39.54
NA	45.55	-40
NA	45.57	-40.28
NA	45.59	-40.025
NA	45.61	-40.3
NA	45.63	-39.875
NA	45.65	-39.22
NA	45.67	-39.205
NA	45.69	-39.665
NA	45.71	-39.685
NA	45.73	-39.075
NA	45.75	-39.35
NA	45.77	-39.735
NA	45.79	-39.485
NA	45.81	-39.605
NA	45.83	-39.38
NA	45.85	-39.12
NA	45.87	-39.94
NA	45.89	-39.81
NA	45.91	-39.44
NA	45.93	-39.305
NA	45.95	-39.185
NA	45.97	-39.26
NA	45.99	-39.315
NA	46.01	-39.99
NA	46.03	-39.7
NA	46.05	-39.2
NA	46.07	-39.055
NA	46.09	-38.365
NA	46.11	-38.215
NA	46.13	-38.61
NA	46.15	-39.085
NA	46.17	-39.365
NA	46.19	-39.175
NA	46.21	-38.805
NA	46.23	-38.86
NA	46.25	-38.975
NA	46.27	-38.75
NA	46.29	-38.68
NA	46.31	-38.825
NA	46.33	-38.89
NA	46.35	-38.88
NA	46.37	-39.23
NA	46.39	-39.01
NA	46.41	-38.84
NA	46.43	-38.895
NA	46.45	-38.955
NA	46.47	-39.21
NA	46.49	-38.87
NA	46.51	-38.325
NA	46.53	-37.71
NA	46.55	-37.86
NA	46.57	-38.43
NA	46.59	-38.555
NA	46.61	-38.78
NA	46.63	-39.21
NA	46.65	-39.02
NA	46.67	-38.205
NA	46.69	-37.615
NA	46.71	-37.895
NA	46.73	-38.29
NA	46.75	-37.935
NA	46.77	-37.675
NA	46.79	-37.985
NA	46.81	-38.345
NA	46.83	-37.825
NA	46.85	-37.245
NA	46.87	-37.175
NA	46.89	-39.055
NA	46.91	-40.79
NA	46.93	-42.075
NA	46.95	-42.305
NA	46.97	-41.82
NA	46.99	-42.12
NA	47.01	-42.305
NA	47.03	-42.775
NA	47.05	-42.68
NA	47.07	-43.085
NA	47.09	-43.115
NA	47.11	-42.985
NA	47.13	-42.81
NA	47.15	-41.89
NA	47.17	-41.575
NA	47.19	-42.37
NA	47.21	-43.55
NA	47.23	-43.555
NA	47.25	-42.255
NA	47.27	-42.13
NA	47.29	-43.16
NA	47.31	-43.295
NA	47.33	-43.05
NA	47.35	-42.515
NA	47.37	-41.855
NA	47.39	-41.82
NA	47.41	-41.995
NA	47.43	-42.4
NA	47.45	-42.8
NA	47.47	-43.865
NA	47.49	-43.405
NA	47.51	-43.375
NA	47.53	-44.25
NA	47.55	-43.78
NA	47.57	-43.7
NA	47.59	-42.445
NA	47.61	-41.985
NA	47.63	-42.09
NA	47.65	-41.895
NA	47.67	-41.87
NA	47.69	-41.71
NA	47.71	-42.48
NA	47.73	-43.12
NA	47.75	-42.915
NA	47.77	-42.965
NA	47.79	-44.04
NA	47.81	-44.285
NA	47.83	-43.475
NA	47.85	-43.38
NA	47.87	-43.425
NA	47.89	-41.79
NA	47.91	-41.35
NA	47.93	-42.415
NA	47.95	-43.025
NA	47.97	-43.675
NA	47.99	-42.895
NA	48.01	-42.745
NA	48.03	-42.97
NA	48.05	-43.195
NA	48.07	-42.945
NA	48.09	-42.155
NA	48.11	-43.09
NA	48.13	-43.53
NA	48.15	-43.33
NA	48.17	-43.895
NA	48.19	-44.8
NA	48.21	-44.43
NA	48.23	-43.76
NA	48.25	-43.34
NA	48.27	-42.905
NA	48.29	-43.6
NA	48.31	-43.965
NA	48.33	-43.195
NA	48.35	-43.065
NA	48.37	-43.1
NA	48.39	-42.165
NA	48.41	-41.91
NA	48.43	-42.445
NA	48.45	-42.76
NA	48.47	-42.19
NA	48.49	-42.2
NA	48.51	-42.16
NA	48.53	-41.495
NA	48.55	-41.42
NA	48.57	-40.835
NA	48.59	-40.525
NA	48.61	-40.73
NA	48.63	-41.295
NA	48.65	-41.605
NA	48.67	-41.48
NA	48.69	-41.27
NA	48.71	-40.765
NA	48.73	-41.22
NA	48.75	-41.62
NA	48.77	-40.81
NA	48.79	-40.485
NA	48.81	-41.095
NA	48.83	-41.15
NA	48.85	-41.06
NA	48.87	-41.215
NA	48.89	-40.265
NA	48.91	-39.73
NA	48.93	-39.985
NA	48.95	-39.985
NA	48.97	-39.76
NA	48.99	-39.33
NA	49.01	-39.4
NA	49.03	-39.7
NA	49.05	-39.425
NA	49.07	-39.72
NA	49.09	-40.28
NA	49.11	-41.11
NA	49.13	-41.94
NA	49.15	-42.09
NA	49.17	-41.43
NA	49.19	-40.13
NA	49.21	-39.775
NA	49.23	-39.56
NA	49.25	-39.095
NA	49.27	-39.195
NA	49.29	-38.895
NA	49.31	-39.42
NA	49.33	-40.81
NA	49.35	-41.555
NA	49.37	-41.43
NA	49.39	-41.66
NA	49.41	-42.185
NA	49.43	-42.22
NA	49.45	-42.56
NA	49.47	-42.21
NA	49.49	-41.89
NA	49.51	-41.775
NA	49.53	-41.325
NA	49.55	-41.32
NA	49.57	-41.375
NA	49.59	-40.97
NA	49.61	-41.24
NA	49.63	-41.44
NA	49.65	-41.02
NA	49.67	-40.435
NA	49.69	-40.315
NA	49.71	-40.32
NA	49.73	-40.37
NA	49.75	-40.55
NA	49.77	-40.185
NA	49.79	-40.335
NA	49.81	-40.75
NA	49.83	-40.47
NA	49.85	-40.44
NA	49.87	-40.685
NA	49.89	-40.425
NA	49.91	-40.295
NA	49.93	-40.79
NA	49.95	-41.115
NA	49.97	-41.03
NA	49.99	-40.775
NA	50.01	-40.77
NA	50.03	-40.985
NA	50.05	-40.325
NA	50.07	-39.435
NA	50.09	-40.115
NA	50.11	-40.38
NA	50.13	-40.135
NA	50.15	-40.885
NA	50.17	-41.28
NA	50.19	-40.715
NA	50.21	-40.275
NA	50.23	-40.68
NA	50.25	-40.55
NA	50.27	-40.29
NA	50.29	-40.21
NA	50.31	-40.685
NA	50.33	-41.315
NA	50.35	-40.705
NA	50.37	-40.685
NA	50.39	-41.17
NA	50.41	-40.57
NA	50.43	-40.205
NA	50.45	-40.31
NA	50.47	-40.525
NA	50.49	-40.445
NA	50.51	-40.81
NA	50.53	-40.625
NA	50.55	-39.34
NA	50.57	-39.755
NA	50.59	-40.535
NA	50.61	-40.525
NA	50.63	-40.885
NA	50.65	-40.72
NA	50.67	-40.425
NA	50.69	-40.21
NA	50.71	-39.57
NA	50.73	-40.04
NA	50.75	-40.53
NA	50.77	-40.215
NA	50.79	-40.48
NA	50.81	-40.36
NA	50.83	-40.335
NA	50.85	-40.445
NA	50.87	-40.665
NA	50.89	-40.88
NA	50.91	-40.255
NA	50.93	-40.105
NA	50.95	-40.02
NA	50.97	-40.045
NA	50.99	-41.13
NA	51.01	-41.245
NA	51.03	-40.135
NA	51.05	-40.33
NA	51.07	-40.485
NA	51.09	-39.915
NA	51.11	-40.055
NA	51.13	-40.135
NA	51.15	-40.66
NA	51.17	-41.085
NA	51.19	-40.535
NA	51.21	-40.745
NA	51.23	-40.66
NA	51.25	-39.92
NA	51.27	-40.47
NA	51.29	-40.72
NA	51.31	-40.695
NA	51.33	-41.175
NA	51.35	-40.92
NA	51.37	-40.195
NA	51.39	-39.62
NA	51.41	-40.09
NA	51.43	-40.24
NA	51.45	-39.975
NA	51.47	-40.01
NA	51.49	-39.845
NA	51.51	-40.08
NA	51.53	-40.56
NA	51.55	-41.37
NA	51.57	-41.19
NA	51.59	-40.565
NA	51.61	-41.02
NA	51.63	-41.58
NA	51.65	-41.02
NA	51.67	-41.05
NA	51.69	-40.985
NA	51.71	-39.815
NA	51.73	-39.185
NA	51.75	-38.965
NA	51.77	-39
NA	51.79	-39.195
NA	51.81	-39.385
NA	51.83	-39.425
NA	51.85	-39.84
NA	51.87	-40.29
NA	51.89	-39.92
NA	51.91	-39.615
NA	51.93	-39.74
NA	51.95	-39.83
NA	51.97	-39.265
NA	51.99	-39.01
NA	52.01	-39.375
NA	52.03	-39.195
NA	52.05	-39.25
NA	52.07	-39.495
NA	52.09	-39.695
NA	52.11	-39.85
NA	52.13	-39.675
NA	52.15	-39.25
NA	52.17	-38.925
NA	52.19	-39.115
NA	52.21	-39.355
NA	52.23	-39.095
NA	52.25	-38.6
NA	52.27	-38.65
NA	52.29	-38.825
NA	52.31	-39.2
NA	52.33	-39.385
NA	52.35	-39.49
NA	52.37	-39.505
NA	52.39	-39.275
NA	52.41	-39.71
NA	52.43	-39.995
NA	52.45	-39.485
NA	52.47	-39.295
NA	52.49	-39.435
NA	52.51	-38.985
NA	52.53	-38.49
NA	52.55	-38.82
NA	52.57	-39.67
NA	52.59	-39.675
NA	52.61	-39.07
NA	52.63	-38.755
NA	52.65	-39.355
NA	52.67	-39.985
NA	52.69	-39.82
NA	52.71	-39.5
NA	52.73	-39.425
NA	52.75	-39.565
NA	52.77	-39.54
NA	52.79	-39.61
NA	52.81	-39.65
NA	52.83	-38.93
NA	52.85	-39.015
NA	52.87	-39.345
NA	52.89	-39.2
NA	52.91	-39.135
NA	52.93	-39.33
NA	52.95	-39.515
NA	52.97	-39.375
NA	52.99	-39.38
NA	53.01	-39.22
NA	53.03	-39.255
NA	53.05	-38.81
NA	53.07	-38.665
NA	53.09	-38.975
NA	53.11	-39.215
NA	53.13	-39.595
NA	53.15	-39.44
NA	53.17	-39.36
NA	53.19	-38.985
NA	53.21	-39.545
NA	53.23	-39.805
NA	53.25	-38.775
NA	53.27	-38.385
NA	53.29	-38.435
NA	53.31	-38.655
NA	53.33	-38.77
NA	53.35	-39.235
NA	53.37	-39.705
NA	53.39	-38.825
NA	53.41	-38.05
NA	53.43	-38.9
NA	53.45	-39.48
NA	53.47	-39.025
NA	53.49	-38.765
NA	53.51	-39.05
NA	53.53	-38.7
NA	53.55	-38.695
NA	53.57	-38.98
NA	53.59	-38.93
NA	53.61	-38.735
NA	53.63	-38.605
NA	53.65	-38.47
NA	53.67	-38.02
NA	53.69	-38.81
NA	53.71	-39.205
NA	53.73	-39.275
NA	53.75	-39.45
NA	53.77	-39.065
NA	53.79	-39.37
NA	53.81	-39.055
NA	53.83	-38.335
NA	53.85	-38.58
NA	53.87	-38.565
NA	53.89	-38.285
NA	53.91	-38.005
NA	53.93	-37.605
NA	53.95	-37.86
NA	53.97	-38.5
NA	53.99	-38.82
NA	54.01	-40.02