Age_(ka_BP)	Greenland_Stack
0	-35.426
0.05	-34.538
0.1	-35.020
0.15	-35.160
0.2	-35.459
0.25	-35.362
0.3	-35.771
0.35	-35.350
0.4	-35.321
0.45	-34.932
0.5	-35.500
0.55	-35.049
0.6	-35.056
0.65	-35.071
0.7	-35.581
0.75	-35.154
0.8	-35.479
0.85	-35.587
0.9	-35.531
0.95	-34.960
1	-35.010
1.05	-35.413
1.1	-35.548
1.15	-35.341
1.2	-35.211
1.25	-35.330
1.3	-34.913
1.35	-35.260
1.4	-34.844
1.45	-35.333
1.5	-35.370
1.55	-34.461
1.6	-35.566
1.65	-35.272
1.7	-35.240
1.75	-35.445
1.8	-35.205
1.85	-34.490
1.9	-34.572
1.95	-35.319
2	-35.070
2.05	-34.891
2.1	-35.321
2.15	-35.761
2.2	-35.054
2.25	-34.807
2.3	-35.017
2.35	-35.079
2.4	-35.091
2.45	-35.481
2.5	-35.032
2.55	-35.426
2.6	-35.277
2.65	-35.428
2.7	-35.110
2.75	-34.910
2.8	-34.775
2.85	-35.202
2.9	-34.593
2.95	-34.849
3	-35.295
3.05	-35.139
3.1	-34.955
3.15	-34.542
3.2	-35.018
3.25	-35.253
3.3	-34.587
3.35	-35.419
3.4	-34.734
3.45	-35.280
3.5	-35.260
3.55	-34.631
3.6	-35.055
3.65	-34.710
3.7	-34.530
3.75	-35.270
3.8	-35.087
3.85	-34.900
3.9	-35.005
3.95	-34.960
4	-34.808
4.05	-35.525
4.1	-35.038
4.15	-34.760
4.2	-34.896
4.25	-34.922
4.3	-34.770
4.35	-35.462
4.4	-34.412
4.45	-35.146
4.5	-35.045
4.55	-34.567
4.6	-34.867
4.65	-35.020
4.7	-34.939
4.75	-34.819
4.8	-34.683
4.85	-34.787
4.9	-34.560
4.95	-34.910
5	-34.664
5.05	-34.836
5.1	-34.918
5.15	-33.860
5.2	-34.819
5.25	-35.263
5.3	-35.083
5.35	-34.784
5.4	-34.582
5.45	-34.470
5.5	-34.530
5.55	-35.043
5.6	-34.558
5.65	-35.180
5.7	-34.985
5.75	-34.553
5.8	-34.867
5.85	-33.962
5.9	-34.763
5.95	-34.849
6	-34.775
6.05	-34.273
6.1	-34.554
6.15	-34.886
6.2	-34.590
6.25	-34.388
6.3	-34.575
6.35	-34.984
6.4	-34.342
6.45	-34.321
6.5	-34.779
6.55	-34.972
6.6	-34.491
6.65	-34.740
6.7	-34.505
6.75	-35.110
6.8	-34.341
6.85	-34.563
6.9	-34.289
6.95	-34.730
7	-34.859
7.05	-34.410
7.1	-34.667
7.15	-34.743
7.2	-34.900
7.25	-34.838
7.3	-34.684
7.35	-34.324
7.4	-34.560
7.45	-33.892
7.5	-34.912
7.55	-34.517
7.6	-34.447
7.65	-34.010
7.7	-34.177
7.75	-34.362
7.8	-34.055
7.85	-34.618
7.9	-34.637
7.95	-33.603
8	-34.414
8.05	-34.517
8.1	-34.732
8.15	-35.547
8.2	-35.955
8.25	-35.667
8.3	-34.781
8.35	-34.418
8.4	-34.633
8.45	-34.698
8.5	-34.909
8.55	-34.350
8.6	-34.628
8.65	-35.169
8.7	-34.710
8.75	-34.252
8.8	-34.631
8.85	-34.556
8.9	-34.509
8.95	-34.472
9	-35.377
9.05	-34.730
9.1	-34.727
9.15	-34.698
9.2	-35.286
9.25	-36.047
9.3	-34.973
9.35	-34.868
9.4	-34.986
9.45	-34.908
9.5	-34.751
9.55	-35.126
9.6	-34.859
9.65	-34.840
9.7	-34.755
9.75	-34.516
9.8	-35.284
9.85	-35.068
9.9	-35.211
9.95	-35.098
10	-35.472
10.05	-35.320
10.1	-35.207
10.15	-34.912
10.2	-35.947
10.25	-36.010
10.3	-35.650
10.35	-36.357
10.4	-36.079
10.45	-36.324
10.5	-35.795
10.55	-35.890
10.6	-36.145
10.65	-35.779
10.7	-36.157
10.75	-36.800
10.8	-36.324
10.85	-37.598
10.9	-37.069
10.95	-36.546
11	-36.544
11.05	-37.090
11.1	-36.791
11.15	-37.256
11.2	-37.065
11.25	-36.576
11.3	-36.791
11.35	-37.628
11.4	-38.361
11.45	-37.442
11.5	-36.746
11.55	-36.783
11.6	-36.625
11.65	-39.001
11.7	-40.229
11.75	-39.878
11.8	-40.075
11.85	-41.431
11.9	-41.136
11.95	-40.507
12	-39.777
12.05	-40.752
12.1	-41.173
12.15	-39.030
12.2	-40.392
12.25	-41.010
12.3	-41.362
12.35	-40.742
12.4	-41.229
12.45	-41.854
12.5	-39.951
12.55	-41.401
12.6	-41.185
12.65	-42.232
12.7	-41.531
12.75	-40.178
12.8	-39.401
12.85	-40.099
12.9	-38.016
12.95	-38.966
13	-39.518
13.05	-39.781
13.1	-40.860
13.15	-40.521
13.2	-40.024
13.25	-38.973
13.3	-39.212
13.35	-38.364
13.4	-38.342
13.45	-38.308
13.5	-38.180
13.55	-39.363
13.6	-39.624
13.65	-38.676
13.7	-38.043
13.75	-38.822
13.8	-38.486
13.85	-38.428
13.9	-38.333
13.95	-39.086
14	-40.041
14.05	-38.050
14.1	-38.340
14.15	-37.596
14.2	-38.084
14.25	-37.130
14.3	-37.169
14.35	-36.117
14.4	-37.169
14.45	-36.269
14.5	-36.140
14.55	-35.867
14.6	-37.501
14.65	-40.482
14.7	-41.578
14.75	-39.945
14.8	-41.618
14.85	-40.140
14.9	-41.706
14.95	-42.569
15	-42.367
15.05	-43.354
15.1	-41.280
15.15	-42.142
15.2	-42.096
15.25	-42.004
15.3	-41.422
15.35	-40.087
15.4	-42.650
15.45	-41.966
15.5	-42.535
15.55	-42.305
15.6	-42.155
15.65	-43.490
15.7	-43.671
15.75	-43.440
15.8	-41.406
15.85	-43.050
15.9	-41.047
15.95	-41.935
16	-41.357
16.05	-44.903
16.1	-42.020
16.15	-41.677
16.2	-41.165
16.25	-40.745
16.3	-42.425
16.35	-42.714
16.4	-41.647
16.45	-41.180
16.5	-40.992
16.55	-40.692
16.6	-41.835
16.65	-40.650
16.7	-40.068
16.75	-40.937
16.8	-40.062
16.85	-40.301
16.9	-41.852
16.95	-42.112
17	-41.147
17.05	-39.213
17.1	-40.036
17.15	-40.550
17.2	-41.718
17.25	-39.800
17.3	-40.597
17.35	-41.290
17.4	-41.901
17.45	-40.721
17.5	-40.053
17.55	-41.641
17.6	-40.325
17.65	-40.660
17.7	-41.328
17.75	-40.798
17.8	-41.878
17.85	-41.134
17.9	-42.165
17.95	-42.308
18	-41.224
18.05	-42.899
18.1	-41.795
18.15	-40.976
18.2	-41.743
18.25	-42.269
18.3	-43.158
18.35	-42.348
18.4	-42.178
18.45	-40.071
18.5	-40.817
18.55	-42.770
18.6	-40.689
18.65	-41.676
18.7	-41.823
18.75	-41.464
18.8	-41.377
18.85	-40.292
18.9	-41.447
18.95	-41.290
19	-41.294
19.05	-42.013
19.1	-42.599
19.15	-43.693
19.2	-42.245
19.25	-42.663
19.3	-41.470
19.35	-42.866
19.4	-41.652
19.45	-42.136
19.5	-41.728
19.55	-40.492
19.6	-41.345
19.65	-41.427
19.7	-41.414
19.75	-42.807
19.8	-40.774
19.85	-41.381
19.9	-42.110
19.95	-42.630
20	-42.264
20.05	-41.338
20.1	-42.320
20.15	-42.767
20.2	-41.938
20.25	-41.946
20.3	-42.471
20.35	-44.361
20.4	-43.376
20.45	-41.921
20.5	-44.240
20.55	-42.067
20.6	-41.494
20.65	-43.485
20.7	-41.462
20.75	-42.961
20.8	-42.956
20.85	-43.220
20.9	-43.458
20.95	-44.836
21	-42.387
21.05	-43.306
21.1	-41.965
21.15	-43.880
21.2	-43.293
21.25	-41.037
21.3	-43.040
21.35	-42.515
21.4	-41.769
21.45	-44.459
21.5	-42.430
21.55	-41.142
21.6	-42.615
21.65	-41.718
21.7	-43.270
21.75	-43.488
21.8	-43.187
21.85	-41.376
21.9	-42.339
21.95	-42.603
22	-41.167
22.05	-41.064
22.1	-41.543
22.15	-41.520
22.2	-41.290
22.25	-42.436
22.3	-41.932
22.35	-42.424
22.4	-42.433
22.45	-41.990
22.5	-42.911
22.55	-42.333
22.6	-42.852
22.65	-43.306
22.7	-40.686
22.75	-42.480
22.8	-42.000
22.85	-42.357
22.9	-41.133
22.95	-41.830
23	-41.998
23.05	-43.585
23.1	-41.947
23.15	-41.537
23.2	-41.528
23.25	-39.153
23.3	-40.493
23.35	-42.814
23.4	-42.617
23.45	-42.040
23.5	-44.399
23.55	-41.840
23.6	-43.777
23.65	-44.489
23.7	-42.528
23.75	-43.951
23.8	-44.135
23.85	-43.118
23.9	-43.644
23.95	-41.022
24	-43.386
24.05	-44.227
24.1	-43.681
24.15	-42.453
24.2	-44.413
24.25	-43.749
24.3	-43.393
24.35	-43.896
24.4	-42.152
24.45	-43.124
24.5	-43.719
24.55	-42.023
24.6	-44.323
24.65	-44.653
24.7	-42.858
24.75	-43.299
24.8	-43.954
24.85	-44.846
24.9	-42.674
24.95	-42.656
25	-43.146
25.05	-44.330
25.1	-43.750
25.15	-43.113
25.2	-43.226
25.25	-43.894
25.3	-43.678
25.35	-43.458
25.4	-44.769
25.45	-44.126
25.5	-42.037
25.55	-43.635
25.6	-43.890
25.65	-46.053
25.7	-44.513
25.75	-43.457
25.8	-44.512
25.85	-44.548
25.9	-42.862
25.95	-42.673
26	-44.460
26.05	-43.674
26.1	-43.255
26.15	-41.705
26.2	-43.084
26.25	-42.921
26.3	-42.438
26.35	-41.779
26.4	-43.132
26.45	-42.784
26.5	-45.436
26.55	-43.410
26.6	-43.551
26.65	-43.627
26.7	-44.104
26.75	-44.362
26.8	-42.840
26.85	-43.452
26.9	-43.600
26.95	-43.652
27	-44.331
27.05	-42.929
27.1	-42.782
27.15	-43.266
27.2	-43.201
27.25	-43.448
27.3	-43.930
27.35	-43.701
27.4	-44.462
27.45	-42.992
27.5	-42.383
27.55	-40.937
27.6	-39.404
27.65	-40.395
27.7	-38.290
27.75	-42.611
27.8	-44.201
27.85	-44.862
27.9	-43.446
27.95	-44.059
28	-44.478
28.05	-44.917
28.1	-43.494
28.15	-43.692
28.2	-44.678
28.25	-43.676
28.3	-45.096
28.35	-44.900
28.4	-43.738
28.45	-44.989
28.5	-43.103
28.55	-42.806
28.6	-40.636
28.65	-40.171
28.7	-40.470
28.75	-38.690
28.8	-39.818
28.85	-41.789
28.9	-43.379
28.95	-45.360
29	-43.673
29.05	-45.133
29.1	-43.806
29.15	-45.248
29.2	-44.213
29.25	-43.694
29.3	-43.796
29.35	-43.246
29.4	-44.573
29.45	-43.935
29.5	-44.252
29.55	-45.795
29.6	-43.773
29.65	-46.369
29.7	-45.272
29.75	-43.627
29.8	-44.852
29.85	-44.665
29.9	-44.208
29.95	-43.154
30	-45.607
30.05	-44.922
30.1	-44.661
30.15	-43.100
30.2	-44.602
30.25	-44.777
30.3	-43.893
30.35	-43.736
30.4	-45.053
30.45	-43.921
30.5	-43.852
30.55	-44.190
30.6	-42.745
30.65	-43.319
30.7	-42.406
30.75	-44.030
30.8	-43.360
30.85	-43.146
30.9	-45.119
30.95	-44.348
31	-43.257
31.05	-44.199
31.1	-43.301
31.15	-45.055
31.2	-44.216
31.25	-43.969
31.3	-43.651
31.35	-45.139
31.4	-43.850
31.45	-43.291
31.5	-43.598
31.55	-43.368
31.6	-43.944
31.65	-43.621
31.7	-42.943
31.75	-43.312
31.8	-44.297
31.85	-44.829
31.9	-43.821
31.95	-42.605
32	-42.518
32.05	-41.289
32.1	-40.794
32.15	-40.846
32.2	-40.131
32.25	-40.518
32.3	-40.430
32.35	-39.125
32.4	-39.185
32.45	-40.020
32.5	-43.733
32.55	-43.758
32.6	-43.982
32.65	-45.709
32.7	-43.757
32.75	-45.033
32.8	-44.825
32.85	-44.230
32.9	-42.844
32.95	-44.264
33	-43.330
33.05	-44.323
33.1	-43.722
33.15	-42.715
33.2	-43.916
33.25	-43.778
33.3	-43.323
33.35	-41.165
33.4	-40.330
33.45	-39.630
33.5	-39.613
33.55	-39.961
33.6	-40.000
33.65	-39.074
33.7	-41.094
33.75	-42.059
33.8	-42.289
33.85	-41.374
33.9	-42.881
33.95	-42.859
34	-42.473
34.05	-42.294
34.1	-42.600
34.15	-43.372
34.2	-42.215
34.25	-43.402
34.3	-42.849
34.35	-44.325
34.4	-42.686
34.45	-43.198
34.5	-43.681
34.55	-43.112
34.6	-42.635
34.65	-42.260
34.7	-42.274
34.75	-39.365
34.8	-40.619
34.85	-41.117
34.9	-40.966
34.95	-41.067
35	-39.876
35.05	-39.514
35.1	-40.070
35.15	-40.079
35.2	-39.201
35.25	-39.808
35.3	-39.042
35.35	-39.426
35.4	-38.703
35.45	-40.810
35.5	-43.708
35.55	-43.048
35.6	-42.131
35.65	-42.893
35.7	-41.431
35.75	-43.056
35.8	-44.482
35.85	-44.741
35.9	-42.745
35.95	-42.456
36	-43.491
36.05	-43.091
36.1	-42.806
36.15	-40.691
36.2	-42.914
36.25	-44.560
36.3	-42.233
36.35	-42.476
36.4	-43.004
36.45	-41.866
36.5	-43.185
36.55	-42.383
36.6	-40.858
36.65	-41.770
36.7	-40.985
36.75	-41.232
36.8	-40.530
36.85	-41.191
36.9	-41.846
36.95	-41.028
37	-41.331
37.05	-40.799
37.1	-40.298
37.15	-39.903
37.2	-39.523
37.25	-39.942
37.3	-39.151
37.35	-40.218
37.4	-39.097
37.45	-38.554
37.5	-39.280
37.55	-38.504
37.6	-38.868
37.65	-38.573
37.7	-39.023
37.75	-38.899
37.8	-39.077
37.85	-39.182
37.9	-39.072
37.95	-39.002
38	-38.448
38.05	-38.663
38.1	-38.050
38.15	-37.608
38.2	-41.996
38.25	-42.095
38.3	-42.935
38.35	-41.553
38.4	-40.918
38.45	-41.962
38.5	-43.544
38.55	-41.800
38.6	-42.441
38.65	-43.734
38.7	-42.902
38.75	-44.147
38.8	-43.454
38.85	-41.695
38.9	-42.298
38.95	-41.754
39	-44.771
39.05	-43.122
39.1	-43.475
39.15	-42.292
39.2	-43.755
39.25	-43.330
39.3	-43.058
39.35	-43.731
39.4	-41.813
39.45	-44.181
39.5	-42.753
39.55	-41.868
39.6	-43.238
39.65	-42.475
39.7	-43.295
39.75	-42.327
39.8	-43.786
39.85	-42.606
39.9	-42.190
39.95	-40.826
40	-40.771
40.05	-39.674
40.1	-40.084
40.15	-43.573
40.2	-42.299
40.25	-42.468
40.3	-42.176
40.35	-41.877
40.4	-42.644
40.45	-42.302
40.5	-42.116
40.55	-43.016
40.6	-44.294
40.65	-42.835
40.7	-43.216
40.75	-43.227
40.8	-42.073
40.85	-42.044
40.9	-41.723
40.95	-41.145
41	-39.696
41.05	-39.579
41.1	-40.019
41.15	-39.269
41.2	-39.964
41.25	-38.381
41.3	-39.741
41.35	-38.796
41.4	-39.095
41.45	-43.204
41.5	-42.410
41.55	-42.577
41.6	-41.965
41.65	-42.868
41.7	-42.771
41.75	-43.582
41.8	-42.033
41.85	-43.091
41.9	-42.275
41.95	-43.200
42	-42.075
42.05	-42.314
42.1	-41.622
42.15	-42.267
42.2	-41.862
42.25	-40.608
42.3	-41.086
42.35	-40.782
42.4	-40.915
42.45	-41.867
42.5	-40.813
42.55	-40.899
42.6	-40.685
42.65	-39.699
42.7	-39.937
42.75	-40.176
42.8	-39.478
42.85	-39.810
42.9	-39.016
42.95	-39.368
43	-38.321
43.05	-38.070
43.1	-39.213
43.15	-39.749
43.2	-39.184
43.25	-39.323
43.3	-40.246
43.35	-41.461
43.4	-42.495
43.45	-42.777
43.5	-42.975
43.55	-44.044
43.6	-43.282
43.65	-42.889
43.7	-42.526
43.75	-42.653
43.8	-41.781
43.85	-42.082
43.9	-43.196
43.95	-41.681
44	-42.308
44.05	-43.046
44.1	-43.727
44.15	-41.829
44.2	-43.258
44.25	-41.500
44.3	-41.750
44.35	-39.906
44.4	-40.280
44.45	-39.295
44.5	-40.771
44.55	-42.543
44.6	-41.541
44.65	-40.571
44.7	-40.996
44.75	-41.649
44.8	-40.714
44.85	-41.956
44.9	-41.327
44.95	-40.949
45	-41.108
45.05	-40.879
45.1	-40.635
45.15	-40.357
45.2	-40.286
45.25	-39.877
45.3	-40.939
45.35	-40.561
45.4	-39.804
45.45	-39.445
45.5	-40.027
45.55	-39.250
45.6	-39.618
45.65	-38.942
45.7	-39.499
45.75	-38.870
45.8	-39.848
45.85	-38.938
45.9	-39.294
45.95	-39.007
46	-38.380
46.05	-38.796
46.1	-39.173
46.15	-39.064
46.2	-38.673
46.25	-38.855
46.3	-39.059
46.35	-38.563
46.4	-38.849
46.45	-37.429
46.5	-38.554
46.55	-39.398
46.6	-37.596
46.65	-38.219
46.7	-38.022
46.75	-37.226
46.8	-39.029
46.85	-43.362
46.9	-42.130
46.95	-42.528
47	-43.028
47.05	-42.459
47.1	-42.456
47.15	-42.827
47.2	-43.134
47.25	-43.165
47.3	-41.786
47.35	-42.532
47.4	-43.255
47.45	-43.900
47.5	-42.330
47.55	-41.370
47.6	-41.733
47.65	-43.352
47.7	-44.050
47.75	-42.965
47.8	-42.128
47.85	-42.614
47.9	-42.962
47.95	-42.338
48	-42.126
48.05	-43.410
48.1	-44.781
48.15	-43.705
48.2	-43.562
48.25	-42.855
48.3	-42.189
48.35	-42.535
48.4	-42.281
48.45	-41.639
48.5	-40.527
48.55	-41.704
48.6	-41.295
48.65	-42.043
48.7	-40.483
48.75	-40.717
48.8	-40.234
48.85	-40.049
48.9	-39.294
48.95	-39.671
49	-40.283
49.05	-41.970
49.1	-40.063
49.15	-39.158
49.2	-38.875
49.25	-41.175
49.3	-41.752
49.35	-42.430
49.4	-41.902
49.45	-41.161
49.5	-40.963
49.55	-41.083
49.6	-40.298
49.65	-40.798
49.7	-40.339
49.75	-40.054
49.8	-40.424
49.85	-41.288
49.9	-40.762
49.95	-40.824
50	-40.033
50.05	-40.694
50.1	-40.680
50.15	-40.763
50.2	-40.180
50.25	-41.407
50.3	-41.196
50.35	-40.238
50.4	-40.471
50.45	-39.939
50.5	-40.521
50.55	-41.094
50.6	-40.219
50.65	-40.774
50.7	-40.499
50.75	-40.680
50.8	-40.894
50.85	-40.314
50.9	-41.036
50.95	-39.703
51	-39.910
51.05	-40.072
51.1	-40.543
51.15	-39.999
51.2	-40.749
51.25	-41.278
51.3	-39.622
51.35	-39.758
51.4	-39.852
51.45	-40.944
51.5	-40.550
51.55	-41.747
51.6	-40.958
51.65	-38.907
51.7	-39.206
51.75	-39.511
51.8	-39.892
51.85	-39.691
51.9	-39.005
51.95	-39.100
52	-39.693
52.05	-39.464
52.1	-39.110
52.15	-38.821
52.2	-38.807
52.25	-39.014
52.3	-39.271
52.35	-39.997
52.4	-39.421
52.45	-38.206
52.5	-39.653
52.55	-38.832
52.6	-39.859
52.65	-39.402
52.7	-39.601
52.75	-38.458
52.8	-39.203
52.85	-39.698
52.9	-39.367
52.95	-39.374
53	-38.971
53.05	-39.581
53.1	-39.047
53.15	-39.147
53.2	-38.407
53.25	-38.813
53.3	-38.977
53.35	-39.538
53.4	-38.759
53.45	-38.215
53.5	-38.917
53.55	-38.852
53.6	-38.701
53.65	-39.721
53.7	-39.352
53.75	-38.312
53.8	-38.270
53.85	-37.521
53.9	-38.816
53.95	-41.339
54	-38.941
54.05	-38.930
54.1	-39.142
54.15	-37.806
54.2	-42.780
54.25	-42.843
54.3	-42.357
54.35	-42.960
54.4	-42.380
54.45	-43.613
54.5	-42.999
54.55	-42.003
54.6	-42.897
54.65	-42.686
54.7	-42.858
54.75	-41.028
54.8	-41.841
54.85	-40.777
54.9	-37.322
54.95	-39.957
55	-42.604
55.05	-42.462
55.1	-41.466
55.15	-42.316
55.2	-42.806
55.25	-43.408
55.3	-41.285
55.35	-41.437
55.4	-38.870
55.45	-39.201
55.5	-39.220
55.55	-39.967
55.6	-39.424
55.65	-38.244
55.7	-39.210
55.75	-41.104
55.8	-44.033
55.85	-43.041
55.9	-43.013
55.95	-44.138
56	-42.616
56.05	-42.310
56.1	-41.719
56.15	-43.254
56.2	-41.401
56.25	-42.863
56.3	-42.068
56.35	-41.816
56.4	-42.213
56.45	-41.071
56.5	-41.163
56.55	-41.059
56.6	-40.436
56.65	-39.806
56.7	-40.161
56.75	-40.445
56.8	-40.750
56.85	-40.035
56.9	-40.333
56.95	-40.641
57	-41.218
57.05	-40.148
57.1	-40.636
57.15	-39.540
57.2	-40.477
57.25	-40.683
57.3	-39.623
57.35	-39.730
57.4	-39.499
57.45	-40.602
57.5	-39.286
57.55	-38.196
57.6	-39.140
57.65	-39.249
57.7	-39.298
57.75	-38.596
57.8	-38.845
57.85	-39.483
57.9	-40.094
57.95	-38.227
58	-40.120
58.05	-41.478
58.1	-42.019
58.15	-38.443
58.2	-38.191
58.25	-41.877
58.3	-42.637
58.35	-41.946
58.4	-41.940
58.45	-43.222
58.5	-42.215
58.55	-40.947
58.6	-39.199
58.65	-39.858
58.7	-39.574
58.75	-41.467
58.8	-40.425
58.85	-39.362
58.9	-38.550
58.95	-38.368
59	-37.673
59.05	-42.080
59.1	-43.078
59.15	-42.674
59.2	-43.407
59.25	-42.057
59.3	-38.125
59.35	-37.728
59.4	-40.646
59.45	-41.824
59.5	-44.227
59.55	-43.721
59.6	-43.078
59.65	-42.785
59.7	-41.879
59.75	-43.004
59.8	-43.808
59.85	-43.600
59.9	-42.470
59.95	-43.190
60	-42.854
60.05	-43.551
60.1	-42.787
60.15	-43.746
60.2	-42.303
60.25	-42.674
60.3	-43.127
60.35	-43.322
60.4	-43.198
60.45	-42.549
60.5	-42.197
60.55	-43.077
60.6	-41.825
60.65	-43.183
60.7	-43.638
60.75	-44.106
60.8	-43.913
60.85	-44.036
60.9	-42.797
60.95	-43.643
61	-42.730
61.05	-43.639
61.1	-42.737
61.15	-43.479
61.2	-43.009
61.25	-43.222
61.3	-42.419
61.35	-43.402
61.4	-43.166
61.45	-43.787
61.5	-44.062
61.55	-42.832
61.6	-43.333
61.65	-43.954
61.7	-44.032
61.75	-43.828
61.8	-43.409
61.85	-43.640
61.9	-43.441
61.95	-44.458
62	-44.875
62.05	-43.375
62.1	-44.289
62.15	-44.375
62.2	-43.756
62.25	-44.150
62.3	-44.441
62.35	-44.962
62.4	-44.204
62.45	-44.434
62.5	-43.478
62.55	-43.348
62.6	-45.279
62.65	-44.129
62.7	-43.297
62.75	-44.185
62.8	-44.415
62.85	-43.944
62.9	-43.928
62.95	-43.885
63	-43.925
63.05	-43.768
63.1	-44.233
63.15	-44.840
63.2	-44.562
63.25	-43.770
63.3	-44.234
63.35	-43.791
63.4	-43.453
63.45	-43.129
63.5	-43.288
63.55	-43.773
63.6	-44.068
63.65	-43.673
63.7	-43.858
63.75	-41.521
63.8	-42.147
63.85	-40.990
63.9	-39.651
63.95	-39.991
64	-40.445
64.05	-41.917
64.1	-43.354
64.15	-42.640
64.2	-44.341
64.25	-43.644
64.3	-44.230
64.35	-44.204
64.4	-44.177
64.45	-44.136
64.5	-44.897
64.55	-44.902
64.6	-43.389
64.65	-43.377
64.7	-43.955
64.75	-44.332
64.8	-44.253
64.85	-42.985
64.9	-43.461
64.95	-44.073
65	-43.819
65.05	-44.053
65.1	-42.670
65.15	-43.847
65.2	-43.559
65.25	-44.087
65.3	-44.283
65.35	-44.690
65.4	-43.034
65.45	-44.236
65.5	-44.080
65.55	-44.358
65.6	-44.385
65.65	-44.718
65.7	-45.313
65.75	-43.733
65.8	-44.371
65.85	-44.225
65.9	-44.358
65.95	-44.445
66	-42.854
66.05	-43.591
66.1	-44.076
66.15	-44.575
66.2	-43.509
66.25	-43.649
66.3	-43.878
66.35	-43.893
66.4	-43.051
66.45	-44.258
66.5	-44.223
66.55	-43.607
66.6	-43.368
66.65	-44.132
66.7	-43.199
66.75	-43.117
66.8	-43.818
66.85	-43.895
66.9	-44.681
66.95	-42.858
67	-43.405
67.05	-45.255
67.1	-43.842
67.15	-43.600
67.2	-43.190
67.25	-43.433
67.3	-43.280
67.35	-42.696
67.4	-43.676
67.45	-43.968
67.5	-43.903
67.55	-44.104
67.6	-43.863
67.65	-43.777
67.7	-44.350
67.75	-43.277
67.8	-44.369
67.85	-43.878
67.9	-44.490
67.95	-43.382
68	-44.499
68.05	-43.740
68.1	-43.063
68.15	-44.055
68.2	-43.266
68.25	-43.504
68.3	-44.981
68.35	-44.288
68.4	-43.961
68.45	-44.530
68.5	-44.223
68.55	-44.170
68.6	-44.206
68.65	-45.105
68.7	-43.061
68.75	-45.198
68.8	-43.365
68.85	-42.699
68.9	-43.773
68.95	-43.658
69	-43.559
69.05	-43.884
69.1	-44.051
69.15	-44.606
69.2	-43.651
69.25	-43.261
69.3	-42.122
69.35	-41.031
69.4	-39.298
69.45	-40.233
69.5	-42.169
69.55	-43.778
69.6	-43.954
69.65	-44.752
69.7	-44.365
69.75	-44.403
69.8	-44.439
69.85	-44.909
69.9	-44.607
69.95	-44.295
70	-44.138
70.05	-43.357
70.1	-44.577
70.15	-43.841
70.2	-44.365
70.25	-43.496
70.3	-43.078
70.35	-43.310
70.4	-42.857
70.45	-41.949
70.5	-42.252
70.55	-42.835
70.6	-41.953
70.65	-42.720
70.7	-41.247
70.75	-41.602
70.8	-41.607
70.85	-40.156
70.9	-40.052
70.95	-40.492
71	-40.230
71.05	-40.043
71.1	-39.682
71.15	-40.070
71.2	-39.858
71.25	-39.938
71.3	-39.205
71.35	-39.871
71.4	-39.789
71.45	-39.235
71.5	-39.239
71.55	-38.849
71.6	-38.824
71.65	-38.848
71.7	-38.486
71.75	-38.762
71.8	-38.487
71.85	-38.376
71.9	-38.114
71.95	-38.034
72	-37.946
72.05	-37.598
72.1	-37.755
72.15	-40.008
72.2	-42.352
72.25	-44.280
72.3	-43.398
72.35	-44.105
72.4	-45.099
72.45	-44.644
72.5	-44.202
72.55	-45.032
72.6	-44.746
72.65	-44.611
72.7	-44.640
72.75	-43.654
72.8	-44.601
72.85	-44.536
72.9	-43.877
72.95	-44.720
73	-44.816
73.05	-44.293
73.1	-44.893
73.15	-44.008
73.2	-45.137
73.25	-44.516
73.3	-44.418
73.35	-44.387
73.4	-44.936
73.45	-44.058
73.5	-44.253
73.55	-44.064
73.6	-43.940
73.65	-44.497
73.7	-43.325
73.75	-43.576
73.8	-42.611
73.85	-40.884
73.9	-40.784
73.95	-40.472
74	-40.220
74.05	-41.207
74.1	-40.846
74.15	-40.051
74.2	-40.063
74.25	-39.678
74.3	-39.317
74.35	-39.611
74.4	-39.438
74.45	-39.785
74.5	-39.592
74.55	-39.239
74.6	-39.124
74.65	-39.687
74.7	-39.309
74.75	-39.118
74.8	-39.391
74.85	-39.613
74.9	-38.782
74.95	-39.105
75	-38.893
75.05	-39.043
75.1	-38.713
75.15	-38.454
75.2	-38.818
75.25	-38.802
75.3	-38.305
75.35	-38.016
75.4	-38.116
75.45	-38.447
75.5	-38.032
75.55	-38.088
75.6	-37.799
75.65	-37.983
75.7	-37.558
75.75	-37.456
75.8	-37.235
75.85	-37.697
75.9	-39.532
75.95	-40.607
76	-42.553
76.05	-42.271
76.1	-42.798
76.15	-43.021
76.2	-42.195
76.25	-42.460
76.3	-42.861
76.35	-43.239
76.4	-42.959
76.45	-41.967
76.5	-42.248
76.55	-42.758
76.6	-42.904
76.65	-42.879
76.7	-42.862
76.75	-42.798
76.8	-43.668
76.85	-42.256
76.9	-42.975
76.95	-42.970
77	-42.108
77.05	-42.515
77.1	-42.954
77.15	-42.109
77.2	-41.398
77.25	-42.165
77.3	-39.835
77.35	-39.950
77.4	-39.346
77.45	-39.381
77.5	-39.723
77.55	-39.786
77.6	-40.363
77.65	-40.604
77.7	-41.075
77.75	-40.962
77.8	-40.653
77.85	-40.723
77.9	-40.175
77.95	-40.145
78	-39.968
78.05	-40.576
78.1	-40.681
78.15	-40.121
78.2	-39.629
78.25	-39.676
78.3	-39.170
78.35	-39.324
78.4	-38.921
78.45	-39.294
78.5	-39.141
78.55	-39.321
78.6	-38.928
78.65	-39.074
78.7	-39.903
78.75	-39.992
78.8	-40.363
78.85	-40.339
78.9	-40.371
78.95	-40.016
79	-40.421
79.05	-39.687
79.1	-41.104
79.15	-40.014
79.2	-39.656
79.25	-40.253
79.3	-39.691
79.35	-39.918
79.4	-39.124
79.45	-38.980
79.5	-39.583
79.55	-39.138
79.6	-38.863
79.65	-39.911
79.7	-39.811
79.75	-39.547
79.8	-39.905
79.85	-39.673
79.9	-39.019
79.95	-39.066
80	-39.373
80.05	-39.223
80.1	-38.913
80.15	-38.806
80.2	-39.105
80.25	-38.626
80.3	-38.545
80.35	-39.134
80.4	-38.762
80.45	-38.281
80.5	-38.755
80.55	-38.327
80.6	-37.956
80.65	-38.160
80.7	-38.502
80.75	-37.934
80.8	-37.919
80.85	-38.412
80.9	-38.008
80.95	-38.240
81	-38.040
81.05	-38.463
81.1	-37.899
81.15	-38.132
81.2	-37.614
81.25	-37.811
81.3	-37.928
81.35	-38.209
81.4	-38.067
81.45	-38.275
81.5	-37.776
81.55	-38.109
81.6	-38.132
81.65	-38.514
81.7	-37.892
81.75	-37.902
81.8	-37.517
81.85	-38.102
81.9	-38.036
81.95	-38.075
82	-38.223
82.05	-37.748
82.1	-37.640
82.15	-37.874
82.2	-38.538
82.25	-38.219
82.3	-37.808
82.35	-38.136
82.4	-37.584
82.45	-37.302
82.5	-37.909
82.55	-37.271
82.6	-37.776
82.65	-37.765
82.7	-37.468
82.75	-37.779
82.8	-37.648
82.85	-38.064
82.9	-37.706
82.95	-37.433
83	-37.473
83.05	-36.855
83.1	-36.797
83.15	-37.103
83.2	-37.421
83.25	-37.613
83.3	-37.631
83.35	-37.799
83.4	-37.452
83.45	-37.066
83.5	-37.252
83.55	-37.446
83.6	-37.432
83.65	-37.652
83.7	-37.888
83.75	-37.564
83.8	-37.748
83.85	-37.445
83.9	-37.071
83.95	-36.371
84	-36.815
84.05	-36.681
84.1	-36.903
84.15	-36.697
84.2	-38.519
84.25	-39.100
84.3	-40.321
84.35	-40.162
84.4	-39.862
84.45	-38.765
84.5	-39.196
84.55	-40.220
84.6	-39.607
84.65	-40.470
84.7	-40.296
84.75	-39.686
84.8	-40.253
84.85	-40.709
84.9	-40.748
84.95	-40.750
85	-40.322
85.05	-41.237
85.1	-40.646
85.15	-41.111
85.2	-40.783
85.25	-41.354
85.3	-40.655
85.35	-41.371
85.4	-40.688
85.45	-41.509
85.5	-40.246
85.55	-40.418
85.6	-40.481
85.65	-40.528
85.7	-40.967
85.75	-41.174
85.8	-40.805
85.85	-40.919
85.9	-41.864
85.95	-41.227
86	-40.622
86.05	-40.299
86.1	-41.000
86.15	-41.332
86.2	-41.587
86.25	-41.502
86.3	-41.621
86.35	-41.403
86.4	-41.090
86.45	-41.044
86.5	-40.356
86.55	-41.238
86.6	-41.091
86.65	-41.878
86.7	-41.603
86.75	-41.312
86.8	-41.391
86.85	-41.181
86.9	-41.435
86.95	-40.972
87	-41.319
87.05	-40.726
87.1	-42.292
87.15	-41.581
87.2	-41.271
87.25	-39.852
87.3	-39.285
87.35	-38.972
87.4	-39.425
87.45	-39.704
87.5	-40.171
87.55	-40.085
87.6	-39.470
87.65	-39.329
87.7	-38.839
87.75	-39.211
87.8	-39.275
87.85	-39.279
87.9	-38.727
87.95	-38.485
88	-38.490
88.05	-38.813
88.1	-39.090
88.15	-38.453
88.2	-38.311
88.25	-38.826
88.3	-38.705
88.35	-38.837
88.4	-39.677
88.45	-39.245
88.5	-39.313
88.55	-38.957
88.6	-38.209
88.65	-38.072
88.7	-38.059
88.75	-38.353
88.8	-38.712
88.85	-38.486
88.9	-38.263
88.95	-37.996
89	-38.333
89.05	-38.218
89.1	-38.153
89.15	-37.787
89.2	-38.006
89.25	-37.802
89.3	-38.536
89.35	-37.926
89.4	-38.526
89.45	-38.370
89.5	-38.475
89.55	-39.408
89.6	-39.329
89.65	-39.452
89.7	-40.058
89.75	-39.587
89.8	-39.533
89.85	-39.797
89.9	-39.306
89.95	-39.487
90	-39.752
90.05	-39.661
90.1	-39.401
90.15	-39.582
90.2	-39.560
90.25	-39.886
90.3	-39.401
90.35	-39.689
90.4	-39.508
90.45	-39.712
90.5	-39.274
90.55	-39.787
90.6	-39.489
90.65	-39.845
90.7	-40.048
90.75	-39.583
90.8	-40.051
90.85	-39.749
90.9	-39.817
90.95	-39.909
91	-39.594
91.05	-38.937
91.1	-39.422
91.15	-39.794
91.2	-40.211
91.25	-39.624
91.3	-39.482
91.35	-39.412
91.4	-39.874
91.45	-40.418
91.5	-39.158
91.55	-39.900
91.6	-40.136
91.65	-39.743
91.7	-39.221
91.75	-40.161
91.8	-39.450
91.85	-39.953
91.9	-39.809
91.95	-39.804
92	-40.086
92.05	-39.609
92.1	-39.777
92.15	-39.949
92.2	-40.049
92.25	-40.436
92.3	-39.492
92.35	-39.385
92.4	-40.093
92.45	-40.233
92.5	-39.975
92.55	-40.006
92.6	-39.345
92.65	-39.470
92.7	-40.018
92.75	-39.307
92.8	-39.594
92.85	-39.401
92.9	-39.348
92.95	-39.638
93	-39.299
93.05	-39.321
93.1	-39.512
93.15	-38.968
93.2	-39.573
93.25	-39.283
93.3	-39.412
93.35	-39.103
93.4	-39.351
93.45	-39.277
93.5	-39.305
93.55	-39.525
93.6	-39.451
93.65	-39.395
93.7	-38.811
93.75	-38.977
93.8	-39.020
93.85	-39.136
93.9	-38.373
93.95	-39.223
94	-39.007
94.05	-38.904
94.1	-39.139
94.15	-39.063
94.2	-39.211
94.25	-38.948
94.3	-38.906
94.35	-38.700
94.4	-39.082
94.45	-39.213
94.5	-38.991
94.55	-38.567
94.6	-39.015
94.65	-38.565
94.7	-38.765
94.75	-38.446
94.8	-39.268
94.85	-38.502
94.9	-38.443
94.95	-38.099
95	-38.625
95.05	-38.553
95.1	-38.886
95.15	-38.765
95.2	-38.590
95.25	-38.960
95.3	-38.188
95.35	-38.414
95.4	-38.123
95.45	-38.594
95.5	-38.193
95.55	-38.533
95.6	-38.521
95.65	-38.189
95.7	-38.350
95.75	-38.386
95.8	-38.619
95.85	-38.045
95.9	-38.217
95.95	-38.000
96	-39.013
96.05	-38.558
96.1	-38.096
96.15	-38.222
96.2	-37.883
96.25	-38.302
96.3	-38.199
96.35	-38.212
96.4	-38.020
96.45	-37.818
96.5	-37.565
96.55	-37.907
96.6	-37.563
96.65	-38.688
96.7	-38.334
96.75	-37.894
96.8	-38.400
96.85	-37.646
96.9	-38.050
96.95	-38.279
97	-38.395
97.05	-38.122
97.1	-37.657
97.15	-37.920
97.2	-38.222
97.25	-38.267
97.3	-38.427
97.35	-38.285
97.4	-38.423
97.45	-38.028
97.5	-38.072
97.55	-38.106
97.6	-37.962
97.65	-38.078
97.7	-37.890
97.75	-37.988
97.8	-37.575
97.85	-37.978
97.9	-37.579
97.95	-37.241
98	-37.814
98.05	-36.875
98.1	-37.357
98.15	-37.767
98.2	-37.974
98.25	-37.668
98.3	-38.281
98.35	-38.063
98.4	-37.676
98.45	-37.912
98.5	-37.767
98.55	-37.743
98.6	-37.989
98.65	-38.251
98.7	-37.687
98.75	-38.445
98.8	-37.739
98.85	-37.726
98.9	-38.129
98.95	-37.334
99	-37.784
99.05	-37.586
99.1	-37.902
99.15	-37.576
99.2	-37.822
99.25	-37.452
99.3	-37.684
99.35	-37.714
99.4	-37.617
99.45	-37.544
99.5	-37.531
99.55	-37.711
99.6	-38.011
99.65	-37.804
99.7	-37.460
99.75	-37.805
99.8	-37.284
99.85	-37.343
99.9	-37.851
99.95	-37.224
100	-37.338
100.05	-37.247
100.1	-37.508
100.15	-37.553
100.2	-37.038
100.25	-37.359
100.3	-37.388
100.35	-37.296
100.4	-37.208
100.45	-36.970
100.5	-37.129
100.55	-37.380
100.6	-37.338
100.65	-36.665
100.7	-36.971
100.75	-36.844
100.8	-36.977
100.85	-36.666
100.9	-37.459
100.95	-37.171
101	-37.037
101.05	-36.906
101.1	-37.101
101.15	-36.637
101.2	-37.049
101.25	-37.149
101.3	-37.098
101.35	-37.006
101.4	-37.355
101.45	-36.946
101.5	-37.158
101.55	-36.432
101.6	-37.155
101.65	-36.857
101.7	-37.022
101.75	-37.007
101.8	-37.313
101.85	-38.090
101.9	-38.544
101.95	-39.068
102	-39.664
102.05	-39.049
102.1	-39.655
102.15	-37.776
102.2	-37.536
102.25	-38.726
102.3	-39.256
102.35	-39.935
102.4	-39.749
102.45	-39.927
102.5	-39.777
102.55	-39.929
102.6	-40.201
102.65	-39.878
102.7	-39.999
102.75	-39.800
102.8	-39.930
102.85	-40.335
102.9	-39.647
102.95	-39.698
103	-39.316
103.05	-39.029
103.1	-38.864
103.15	-39.038
103.2	-38.165
103.25	-37.923
103.3	-37.481
103.35	-37.510
103.4	-37.859
103.45	-37.161
103.5	-37.687
103.55	-37.725
103.6	-37.275
103.65	-37.153
103.7	-37.631
103.75	-37.341
103.8	-37.316
103.85	-37.498
103.9	-37.415
103.95	-37.761
104	-37.483
104.05	-37.017
104.1	-37.153
104.15	-37.638
104.2	-37.587
104.25	-37.531
104.3	-37.544
104.35	-37.096
104.4	-37.276
104.45	-38.865
104.5	-39.685
104.55	-38.821
104.6	-39.060
104.65	-38.398
104.7	-37.614
104.75	-37.514
104.8	-37.446
104.85	-37.130
104.9	-37.618
104.95	-37.389
105	-37.776
105.05	-37.715
105.1	-37.523
105.15	-37.442
105.2	-37.346
105.25	-37.572
105.3	-37.462
105.35	-37.204
105.4	-37.219
105.45	-37.350
105.5	-37.373
105.55	-36.970
105.6	-37.168
105.65	-37.152
105.7	-36.937
105.75	-36.660
105.8	-37.173
105.85	-39.186
105.9	-39.360
105.95	-39.845
106	-39.676
106.05	-40.216
106.1	-40.307
106.15	-40.979
106.2	-41.626
106.25	-40.952
106.3	-40.592
106.35	-41.026
106.4	-41.368
106.45	-41.838
106.5	-41.504
106.55	-41.044
106.6	-40.810
106.65	-41.412
106.7	-41.391
106.75	-41.450
106.8	-41.471
106.85	-41.429
106.9	-41.712
106.95	-41.686
107	-41.733
107.05	-41.565
107.1	-41.457
107.15	-40.739
107.2	-41.336
107.25	-41.145
107.3	-41.041
107.35	-41.555
107.4	-41.614
107.45	-42.138
107.5	-41.729
107.55	-41.508
107.6	-41.455
107.65	-41.582
107.7	-40.431
107.75	-41.230
107.8	-41.528
107.85	-40.141
107.9	-39.438
107.95	-38.123
108	-38.701
108.05	-38.362
108.1	-38.346
108.15	-39.633
108.2	-39.535
108.25	-39.826
108.3	-40.049
108.35	-39.058
108.4	-39.923
108.45	-39.839
108.5	-39.552
108.55	-39.381
108.6	-39.020
108.65	-38.781
108.7	-38.245
108.75	-39.282
108.8	-38.766
108.85	-38.965
108.9	-39.056
108.95	-39.010
109	-38.510
109.05	-38.808
109.1	-37.847
109.15	-37.647
109.2	-38.275
109.25	-38.038
109.3	-37.561
109.35	-38.164
109.4	-38.140
109.45	-38.081
109.5	-37.845
109.55	-37.820
109.6	-37.525
109.65	-37.804
109.7	-36.907
109.75	-37.611
109.8	-37.245
109.85	-37.591
109.9	-37.055
109.95	-37.260
110	-37.623
110.05	-37.399
110.1	-37.814
110.15	-37.159
110.2	-36.838
110.25	-36.878
110.3	-37.233
110.35	-37.285
110.4	-37.588
110.45	-36.936
110.5	-37.112
110.55	-37.694
110.6	-37.946
110.65	-37.316
110.7	-37.801
110.75	-37.319
110.8	-37.217
110.85	-37.115
110.9	-37.360
110.95	-36.812
111	-37.189
111.05	-37.479
111.1	-36.747
111.15	-37.259
111.2	-37.743
111.25	-37.290
111.3	-37.307
111.35	-36.663
111.4	-37.725
111.45	-36.772
111.5	-37.499
111.55	-36.867
111.6	-37.769
111.65	-36.730
111.7	-37.383
111.75	-37.143
111.8	-37.317
111.85	-37.161
111.9	-37.128
111.95	-37.163
112	-37.249
112.05	-36.789
112.1	-37.285
112.15	-37.303
112.2	-37.567
112.25	-37.029
112.3	-37.266
112.35	-37.010
112.4	-36.981
112.45	-37.110
112.5	-36.902
112.55	-36.708
112.6	-37.348
112.65	-38.049
112.7	-38.380
112.75	-39.108
112.8	-38.433
112.85	-38.507
112.9	-37.535
112.95	-38.871
113	-38.463
113.05	-38.335
113.1	-38.559
113.15	-38.172
113.2	-38.451
113.25	-38.552
113.3	-38.655
113.35	-38.620
113.4	-38.703
113.45	-38.577
113.5	-38.508
113.55	-37.727
113.6	-38.245
113.65	-37.155
113.7	-37.242
113.75	-37.483
113.8	-37.796
113.85	-37.163
113.9	-37.215
113.95	-37.521
114	-37.584
114.05	-37.576
114.1	-37.516
114.15	-37.643
114.2	-37.641
114.25	-37.416
114.3	-37.383
114.35	-37.729
114.4	-37.570
114.45	-37.604
114.5	-37.496
114.55	-37.523
114.6	-37.346
114.65	-37.472
114.7	-37.462
114.75	-37.241
114.8	-37.172
114.85	-36.916
114.9	-37.169
114.95	-36.831
115	-37.045
115.05	-36.954
115.1	-37.167
115.15	-36.962
115.2	-36.908
115.25	-36.503
115.3	-36.885
115.35	-36.973
115.4	-37.150
115.45	-36.875
115.5	-36.995
115.55	-36.849
115.6	-36.821
115.65	-36.898
115.7	-36.732
115.75	-36.616
115.8	-36.697
115.85	-36.104
115.9	-36.375
115.95	-36.138
116	-36.072
116.05	-36.248
116.1	-35.988
116.15	-35.956
116.2	-36.034
116.25	-36.048
116.3	-35.779
116.35	-35.475
116.4	-35.736
116.45	-35.761
116.5	-35.689
116.55	-35.448
116.6	-35.340
116.65	-35.631
116.7	-35.601
116.75	-35.192
116.8	-35.130
116.85	-35.128
116.9	-35.082
116.95	-34.944
117	-34.830
117.05	-34.994
117.1	-34.682
117.15	-34.396
117.2	-34.683
117.25	-34.733
117.3	-34.552
117.35	-34.576
117.4	-34.760
117.45	-34.428
117.5	-34.303
117.55	-34.198
117.6	-34.291
117.65	-34.188
117.7	-34.003
117.75	-34.275
117.8	-34.005
117.85	-34.037
117.9	-33.969
117.95	-33.969
118	-33.757
118.05	-33.649
118.1	-33.559
118.15	-33.553
118.2	-33.361
118.25	-33.662
118.3	-33.320
118.35	-33.225
118.4	-33.141
118.45	-32.785
118.5	-32.671
118.55	-32.942
118.6	-32.474
118.65	-33.069
118.7	-33.101
118.75	-32.758
118.8	-32.534
118.85	-32.710
118.9	-32.520
118.95	-32.727
119	-32.618
119.05	-32.688
119.1	-32.857
119.15	-32.471
119.2	-32.457
119.25	-32.352
119.3	-32.322
119.35	-32.085
119.4	-32.305
119.45	-32.314
119.5	-32.110
119.55	-32.360
119.6	-32.216
119.65	-32.500
119.7	-32.003
119.75	-32.416
119.8	-32.377
119.85	-32.442
119.9	-32.336
119.95	-32.579
120	-31.987
120.05	-32.251
120.1	-31.900
120.15	-32.176
120.2	-32.543
120.25	-32.524
120.3	-32.057
120.35	-32.174
120.4	-31.780
120.45	-31.751
120.5	-31.995
120.55	-31.663
120.6	-31.597
120.65	-31.384
120.7	-31.753
120.75	-31.885
120.8	-31.798
120.85	-31.451
120.9	-31.309
120.95	-31.832
121	-31.456
121.05	-32.261
121.1	-31.233
121.15	-31.924
121.2	-31.563
121.25	-32.281
121.3	-32.024
121.35	-31.925
121.4	-32.522
121.45	-31.996
121.5	-32.121
121.55	-32.502
121.6	-32.105
121.65	-32.437
121.7	-32.652
121.75	-31.997
121.8	-32.225
121.85	-31.855
121.9	-32.011
121.95	-31.673
122	-31.706
122.05	-32.218
122.1	-32.040
122.15	-32.131
122.2	-31.590
122.25	-31.999
122.3	-31.920
122.35	-32.187
122.4	-31.907
122.45	-31.827
122.5	-32.134
122.55	-31.854
122.6	-31.959
122.65	-31.531
122.7	-31.852
122.75	-32.170
122.8	-31.918
122.85	-32.011
122.9	-32.193
122.95	-31.946
123	-31.832
123.05	-32.071
123.1	-32.249
123.15	-31.727
123.2	-31.544
123.25	-31.839
123.3	-32.091
123.35	-31.840
123.4	-32.076
123.45	-32.029
123.5	-31.718
123.55	-31.947
123.6	-32.390
123.65	-31.442
123.7	-31.603
123.75	-31.991
123.8	-31.582
123.85	-31.294
123.9	-31.554
123.95	-31.272
124	-31.712
124.05	-31.471
124.1	-31.681
124.15	-32.099
124.2	-31.954
124.25	-31.992
124.3	-31.771
124.35	-31.050
124.4	-31.148
124.45	-31.138
124.5	-31.375
124.55	-31.308
124.6	-31.608
124.65	-31.304
124.7	-31.756
124.75	-31.503
124.8	-31.573
124.85	-31.453
124.9	-32.115
124.95	-32.043
125	-31.555
125.05	-31.679
125.1	-31.746
125.15	-31.398
125.2	-31.874
125.25	-31.969
125.3	-32.041
125.35	-32.444
125.4	-31.840
125.45	-31.411
125.5	-31.495
125.55	-31.596
125.6	-31.590
125.65	-31.866
125.7	-31.833
125.75	-31.663
125.8	-31.701
125.85	-31.501
125.9	-31.734
125.95	-31.607
126	-31.823
126.05	-31.369
126.1	-31.690
126.15	-31.764
126.2	-31.840
126.25	-31.513
126.3	-31.720
126.35	-31.396
126.4	-31.806
126.45	-31.869
126.5	-31.960
126.55	-32.146
126.6	-32.189
126.65	-32.023
126.7	-32.056
126.75	-31.508
126.8	-31.405
126.85	-32.406
126.9	-32.032
126.95	-31.455
127	-32.285
127.05	-32.029
127.1	-32.032
127.15	-32.280
127.2	-31.992
127.25	-32.152
127.3	-32.380
127.35	-32.711
127.4	-32.722
127.45	-33.033
127.5	-32.867
127.55	-33.108
127.6	-33.087
127.65	-33.413
127.7	-33.532
127.75	-33.280
127.8	-33.541
127.85	-33.337
127.9	-33.662
127.95	-34.546
128	-34.343
128.05	-34.213
128.1	-33.972
128.15	-33.743
128.2	-33.952
128.25	-33.709
128.3	-34.110
128.35	-34.075
128.4	-34.036
128.45	-34.069
128.5	-34.541
128.55	-34.404
128.6	-34.305
128.65	-34.726
128.7	-34.473
128.75	-34.901
128.8	-35.021
128.85	-35.303
128.9	-35.117
128.95	-35.092
129	-35.364
129.05	-35.133
129.1	-35.326
129.15	-35.635
129.2	-35.625
129.25	-35.377
129.3	-35.756
129.35	-35.406
129.4	-35.622
129.45	-35.749
129.5	-35.571
129.55	-35.431
129.6	-35.597
129.65	-35.665
129.7	-35.900
129.75	-36.263
129.8	-36.330
129.85	-36.491
129.9	-36.751
129.95	-36.825
130	-36.976
130.05	-37.164
130.1	-37.356
130.15	-37.880
130.2	-38.227
130.25	-38.277
130.3	-38.442
130.35	-38.391
130.4	-38.374
130.45	-38.595
130.5	-38.598
130.55	-38.459
130.6	-38.371
130.65	-38.262
130.7	-38.179
130.75	-38.124
130.8	-38.011
130.85	-38.026
130.9	-38.104
130.95	-38.134
131	-38.363
131.05	-38.582
131.1	-38.623
131.15	-38.831
131.2	-39.159
131.25	-39.534
131.3	-39.997
131.35	-40.410
131.4	-40.472
131.45	-40.261
131.5	-40.103
131.55	-40.015
131.6	-39.972
131.65	-39.860
131.7	-39.733
131.75	-39.684
131.8	-39.520
131.85	-39.371
131.9	-39.300
131.95	-38.966
132	-38.544
132.05	-38.599
132.1	-38.980
132.15	-39.370
132.2	-39.691
132.25	-39.905
132.3	-40.154
132.35	-40.321
132.4	-40.282
132.45	-40.275
132.5	-40.320
132.55	-40.336
132.6	-40.553
132.65	-40.736
132.7	-40.533
132.75	-40.190
132.8	-39.873
132.85	-39.665
132.9	-39.537
132.95	-39.378
133	-39.273
133.05	-39.359
133.1	-39.611
133.15	-39.706
133.2	-39.590
133.25	-39.487
133.3	-39.664
133.35	-40.101
133.4	-40.545
133.45	-40.880
133.5	-41.021
133.55	-41.045
133.6	-41.024
133.65	-41.141
133.7	-41.361
133.75	-41.351
133.8	-41.359
133.85	-41.557
133.9	-41.656
133.95	-41.538
134	-41.461
134.05	-41.476
134.1	-41.549
134.15	-41.859
134.2	-42.245
134.25	-42.545
134.3	-42.722
134.35	-42.827
134.4	-43.045
134.45	-43.290
134.5	-43.435
134.55	-43.617
134.6	-43.834
134.65	-43.851
134.7	-43.670
134.75	-43.336
134.8	-42.800
134.85	-42.354
134.9	-42.108
134.95	-41.756
135	-41.225
135.05	-40.693
135.1	-40.288
135.15	-40.054
135.2	-39.867
135.25	-39.682
135.3	-39.672
135.35	-39.902
135.4	-40.297
135.45	-40.683
135.5	-40.930
135.55	-41.146
135.6	-41.542
135.65	-42.105
135.7	-42.612
135.75	-42.914
135.8	-42.962
135.85	-42.907
135.9	-42.924
135.95	-42.889
136	-42.696
136.05	-42.394
136.1	-42.035
136.15	-41.626
136.2	-41.160
136.25	-40.697
136.3	-40.313
136.35	-40.016
136.4	-39.799
136.45	-39.714
136.5	-39.684
136.55	-39.581
136.6	-39.469
136.65	-39.414
136.7	-39.475
136.75	-39.762
136.8	-40.212
136.85	-40.661
136.9	-40.972
136.95	-41.084
137	-41.135
137.05	-41.236
137.1	-41.354
137.15	-41.509
137.2	-41.703
137.25	-41.861
137.3	-41.966
137.35	-41.984
137.4	-41.861
137.45	-41.671
137.5	-41.575
137.55	-41.685
137.6	-41.937
137.65	-42.168
137.7	-42.333
137.75	-42.478
137.8	-42.607
137.85	-42.728
137.9	-42.875
137.95	-43.039
138	-43.213
138.05	-43.442
138.1	-43.712
138.15	-43.878
138.2	-43.848
138.25	-43.730
138.3	-43.608
138.35	-43.468
138.4	-43.316
138.45	-43.124
138.5	-42.854
138.55	-42.527
138.6	-42.221
138.65	-41.988
138.7	-41.785
138.75	-41.587
138.8	-41.442
138.85	-41.338
138.9	-41.198
138.95	-41.058
139	-41.023
139.05	-41.099
139.1	-41.225
139.15	-41.350
139.2	-41.457
139.25	-41.588
139.3	-41.757
139.35	-41.907
139.4	-41.991
139.45	-42.006
139.5	-41.993
139.55	-42.026
139.6	-42.104
139.65	-42.098
139.7	-41.953
139.75	-41.844
139.8	-41.930
139.85	-42.150
139.9	-42.272
139.95	-42.198
140	-42.071
140.05	-41.997
140.1	-42.004
140.15	-42.113
140.2	-42.300
140.25	-42.514
140.3	-42.772
140.35	-43.036
140.4	-43.143
140.45	-43.045
140.5	-42.884
140.55	-42.822
140.6	-42.845
140.65	-42.824
140.7	-42.750
140.75	-42.662
140.8	-42.547
140.85	-42.407
140.9	-42.267
140.95	-42.087
141	-41.859
141.05	-41.674
141.1	-41.540
141.15	-41.392
141.2	-41.243
141.25	-41.194
141.3	-41.260
141.35	-41.307
141.4	-41.258
141.45	-41.157
141.5	-41.029
141.55	-40.857
141.6	-40.773
141.65	-40.920
141.7	-41.250
141.75	-41.674
141.8	-42.096
141.85	-42.405
141.9	-42.548
141.95	-42.628
142	-42.808
142.05	-43.086
142.1	-43.322
142.15	-43.464
142.2	-43.561
142.25	-43.568
142.3	-43.367
142.35	-42.938
142.4	-42.384
142.45	-41.891
142.5	-41.591
142.55	-41.474
142.6	-41.437
142.65	-41.362
142.7	-41.281
142.75	-41.310
142.8	-41.468
142.85	-41.691
142.9	-41.894
142.95	-42.095
143	-42.372
143.05	-42.658
143.1	-42.828
143.15	-42.882
143.2	-42.875
143.25	-42.818
143.3	-42.767
143.35	-42.726
143.4	-42.595
143.45	-42.352
143.5	-42.085
143.55	-41.970
143.6	-42.046
143.65	-42.213
143.7	-42.452
143.75	-42.726
143.8	-42.887
143.85	-42.864
143.9	-42.717
143.95	-42.478
144	-42.231
144.05	-42.124
144.1	-42.171
144.15	-42.219
144.2	-42.106
144.25	-41.842
144.3	-41.508
144.35	-41.133
144.4	-40.804
144.45	-40.679
144.5	-40.808
144.55	-41.106
144.6	-41.469
144.65	-41.760
144.7	-41.864
144.75	-41.844
144.8	-41.877
144.85	-42.053
144.9	-42.251
144.95	-42.389
145	-42.527
145.05	-42.666
145.1	-42.693
145.15	-42.548
145.2	-42.325
145.25	-42.176
145.3	-42.208
145.35	-42.384
145.4	-42.561
145.45	-42.607
145.5	-42.491
145.55	-42.403
145.6	-42.485
145.65	-42.668
145.7	-42.861
145.75	-43.056
145.8	-43.264
145.85	-43.385
145.9	-43.270
145.95	-42.922
146	-42.555
146.05	-42.330
146.1	-42.251
146.15	-42.248
146.2	-42.175
146.25	-41.933
146.3	-41.528
146.35	-41.060
146.4	-40.652
146.45	-40.378
146.5	-40.255
146.55	-40.271
146.6	-40.424
146.65	-40.630
146.7	-40.725
146.75	-40.652
146.8	-40.529
146.85	-40.472
146.9	-40.498
146.95	-40.598
147	-40.756
147.05	-40.922
147.1	-41.059
147.15	-41.270
147.2	-41.670
147.25	-42.052
147.3	-42.202
147.35	-42.328
147.4	-42.634
147.45	-43.015
147.5	-43.333
147.55	-43.594
147.6	-43.881
147.65	-44.184
147.7	-44.388
147.75	-44.416
147.8	-44.212
147.85	-43.737
147.9	-43.172
147.95	-42.710
148	-42.276
148.05	-41.806
148.1	-41.395
148.15	-41.061
148.2	-40.737
148.25	-40.331
148.3	-39.809
148.35	-39.351
148.4	-39.141
148.45	-39.177
148.5	-39.420
148.55	-39.826
148.6	-40.312
148.65	-40.814
148.7	-41.227
148.75	-41.463
148.8	-41.611
148.85	-41.774
148.9	-42.031
148.95	-42.459
149	-42.915
149.05	-43.205
149.1	-43.313
149.15	-43.278
149.2	-43.127
149.25	-42.922
149.3	-42.728
149.35	-42.570
149.4	-42.458
149.45	-42.397
149.5	-42.398
149.55	-42.354
149.6	-42.110
149.65	-41.726
149.7	-41.390
149.75	-41.175
149.8	-40.992
149.85	-40.775
149.9	-40.526
149.95	-40.240